0.000213,0.777130
0.000054,0.814716
0.000143,0.782517
0.000140,0.818880
0.000065,0.783889
0.000006,0.815656
0.000015,0.776332
0.000007,0.790537
0.000005,0.786581
0.000009,0.794581
0.000018,0.734001
0.000004,0.802872
0.000020,0.777559
0.000003,0.772148
0.000019,0.815946
0.000005,0.774472
0.000007,0.770980
0.000003,0.719669
0.000001,0.813918
0.000003,0.772482
0.000001,0.789029
0.000002,0.801100
0.000002,0.780638
0.000008,0.768018
0.000001,0.822481
0.000001,0.797967
0.000002,0.755849
0.000002,0.772809
0.000002,0.781123
0.000001,0.801821
0.000001,0.749964
0.000001,0.782401
0.000001,0.778959
0.000001,0.744434
0.000001,0.783604
0.000001,0.752405
0.000001,0.790782
0.000001,0.741140
0.000001,0.794123
0.000001,0.724859
0.000001,0.777600
0.000001,0.788540
0.000001,0.784304
0.000001,0.764896
0.000001,0.763187
0.000000,0.805949
0.000001,0.753728
0.000001,0.728303
0.000001,0.765814
0.000001,0.731714
0.000001,0.794114
0.000000,0.812135
0.000001,0.784865
0.000001,0.735966
0.000001,0.808677
0.000000,0.795747
0.000000,0.750303
0.000000,0.803071
0.000000,0.837488
0.000000,0.792538
0.000000,0.837648
0.000000,0.811710
0.000000,0.748518
0.000000,0.785743
0.000000,0.778858
0.000000,0.809235
0.000015,0.738162
0.000000,0.741548
0.000002,0.719942
0.000000,0.790409
0.000000,0.804277
0.000000,0.836934
0.000001,0.730469
0.000001,0.793413
0.000003,0.751133
0.000000,0.734027
0.000000,0.762810
0.000000,0.785493
0.000000,0.808158
0.000000,0.770060
0.000000,0.744188
0.000000,0.802351
0.000000,0.781884
0.000000,0.768744
0.000000,0.758394
0.000000,0.754883
0.000000,0.724293
0.000000,0.788280
0.000000,0.788538
0.000001,0.771980
0.000000,0.790863
0.000000,0.774747
0.000000,0.752339
0.000001,0.792935
0.000000,0.799935
0.000000,0.840399
0.000000,0.784834
0.000001,0.764705
0.000000,0.766371
0.000000,0.726714
0.000001,0.778773
0.000000,0.766023
0.000000,0.781304
0.000001,0.758836
0.000000,0.764289
0.000000,0.763200
0.000000,0.787389
0.000000,0.773812
0.000000,0.786696
0.000001,0.766717
0.000000,0.726401
0.000000,0.783480
0.000004,0.771294
0.000000,0.803145
0.000000,0.804059
0.000000,0.774666
0.000000,0.744859
0.000000,0.770760
0.000001,0.761398
0.000000,0.753242
0.000000,0.817289
0.000000,0.734350
0.000000,0.762822
0.000000,0.703530
0.000000,0.778132
0.000000,0.798751
0.000000,0.792354
0.000000,0.763836
0.000000,0.787169
0.000000,0.748438
0.000000,0.795040
0.000000,0.795099
0.000000,0.810444
0.000000,0.755880
0.000000,0.783386
0.000000,0.763494
0.000000,0.760711
0.000001,0.747324
0.000000,0.752747
0.000000,0.774168
0.000000,0.788453
0.000000,0.765476
0.000000,0.762163
0.000000,0.765803
0.000000,0.773819
0.000000,0.806285
0.000000,0.803872
0.000000,0.815293
0.000000,0.782355
0.000000,0.758190
0.000000,0.760587
0.000000,0.802981
0.000000,0.765784
0.000000,0.757073
0.000000,0.777146
0.000000,0.756078
0.000000,0.787997
0.000000,0.817762
0.000000,0.749201
0.000000,0.759429
0.000000,0.800770
0.000000,0.745441
0.000000,0.766783
0.000000,0.809504
0.000000,0.766619
0.000000,0.804361
0.000000,0.825074
0.000000,0.778358
0.000000,0.787296
0.000000,0.773212
0.000000,0.784626
0.000000,0.785179
0.000001,0.732406
0.000000,0.817478
0.000000,0.779423
0.000000,0.799742
0.000000,0.734031
0.000000,0.779880
0.000000,0.762502
0.000000,0.720344
0.000000,0.793908
0.000000,0.771676
0.000000,0.763482
0.000000,0.765135
0.000000,0.820402
0.000000,0.766554
0.000000,0.778473
0.000000,0.784939
0.000000,0.785325
0.000000,0.788398
0.000000,0.761369
0.000000,0.721298
0.000000,0.760865
0.000000,0.831335
0.000000,0.787268
0.000000,0.688843
0.000000,0.750262
0.000000,0.782655
0.000000,0.798443
0.000000,0.767250
0.000003,0.724573
0.000000,0.818532
0.000001,0.773415
0.000000,0.753842
0.000000,0.784421
0.000000,0.739554
0.000000,0.754730
0.000000,0.759305
0.000000,0.802413
0.000000,0.794531
0.000000,0.795714
0.000000,0.722783
0.000000,0.756420
0.000000,0.788310
0.000000,0.778124
0.000000,0.738757
0.000002,0.698174
0.000002,0.699554
0.000001,0.720096
0.000001,0.686009
0.000000,0.704314
0.000000,0.765755
0.000000,0.750125
0.000001,0.740936
0.000001,0.726009
0.000001,0.697331
0.000000,0.767000
0.000001,0.737548
0.000001,0.751967
0.000000,0.697864
0.000001,0.676056
0.000000,0.771552
0.000000,0.757290
0.000000,0.679974
0.000000,0.724962
0.000000,0.724351
0.000000,0.728542
0.000000,0.694173
0.000000,0.736523
0.000000,0.716425
0.000000,0.759579
0.000000,0.734315
0.000000,0.682964
0.000000,0.718316
0.000001,0.758567
0.000000,0.753747
0.000000,0.772907
0.000000,0.699325
0.000000,0.723592
0.000000,0.761491
0.000000,0.799368
0.000000,0.707058
0.000000,0.757721
0.000000,0.756672
0.000000,0.765165
0.000000,0.688660
0.000000,0.686200
0.000000,0.780671
0.000000,0.739048
0.000000,0.757310
0.000000,0.739538
0.000000,0.737526
0.000002,0.751229
0.000000,0.735123
0.000000,0.803325
0.000000,0.715801
0.000000,0.809506
0.000000,0.776051
0.000000,0.716137
0.000000,0.749773
0.000000,0.740166
0.000000,0.707086
0.000000,0.787104
0.000000,0.709313
0.000001,0.738819
0.000000,0.746917
0.000000,0.799401
0.000000,0.717177
0.000000,0.681551
0.000000,0.789917
0.000000,0.747354
0.000000,0.762081
0.000000,0.745304
0.000000,0.762063
0.000000,0.810572
0.000000,0.750205
0.000000,0.754656
0.000000,0.735792
0.000000,0.753377
0.000000,0.792655
0.000000,0.736034
0.000000,0.729033
0.000000,0.747334
0.000000,0.709688
0.000000,0.730035
0.000000,0.709399
0.000000,0.698884
0.000000,0.796059
0.000000,0.740228
0.000000,0.765647
0.000000,0.715588
0.000000,0.737259
0.000000,0.755874
0.000000,0.765122
0.000000,0.764362
0.000000,0.719126
0.000000,0.743643
0.000000,0.758233
0.000000,0.671645
0.000000,0.768743
0.000000,0.734220
0.000000,0.785557
0.000000,0.670430
0.000000,0.778940
0.000000,0.734980
0.000000,0.740549
0.000000,0.824349
0.000000,0.728358
0.000000,0.773772
0.000000,0.735574
0.000000,0.737476
0.000000,0.793102
0.000000,0.772126
0.000000,0.767333
0.000000,0.750512
0.000000,0.758074
0.000000,0.735947
0.000000,0.785470
0.000000,0.759629
0.000000,0.732683
0.000000,0.779021
0.000000,0.752462
0.000987,0.747271
0.000001,0.828246
0.000000,0.852358
0.000029,0.816820
0.004797,0.779815
0.000000,0.837315
0.000032,0.718630
0.000000,0.768868
0.000000,0.779520
0.000000,0.711298
0.000000,0.748435
0.000000,0.731704
0.000000,0.769968
0.000000,0.709857
0.000000,0.682369
0.000000,0.668209
0.000000,0.686058
0.000000,0.694344
0.000001,0.676478
0.000001,0.639672
0.000000,0.660850
0.000001,0.670747
0.000003,0.625739
0.000003,0.639853
0.000004,0.670134
0.000003,0.664020
0.000023,0.641968
0.000001,0.697245
0.000003,0.641586
0.000004,0.659752
0.000009,0.678156
0.000010,0.575206
0.000008,0.636367
0.000004,0.615494
0.000003,0.621960
0.000002,0.655860
0.000006,0.614020
0.000003,0.648783
0.000047,0.613965
0.000011,0.570186
0.000005,0.576829
0.000006,0.632938
0.000025,0.674761
0.000002,0.617380
0.000005,0.700796
0.000001,0.625717
0.000006,0.625762
0.000001,0.629572
0.000000,0.659483
0.000002,0.687293
0.000003,0.607235
0.000001,0.657845
0.000005,0.542920
0.000002,0.585999
0.000001,0.663443
0.000002,0.607309
0.000001,0.602217
0.000000,0.621846
0.000000,0.575100
0.000001,0.685965
0.000000,0.646072
0.000001,0.629532
0.000001,0.591531
0.000001,0.580592
0.000000,0.662086
0.000000,0.638011
0.000004,0.589702
0.000001,0.572307
0.000014,0.523461
0.000000,0.614469
0.000001,0.634073
0.000000,0.644125
0.000001,0.707491
0.000003,0.631387
0.000000,0.670743
0.000001,0.620353
0.000000,0.638098
0.000000,0.640232
0.000000,0.629532
0.000001,0.586825
0.000004,0.615119
0.000000,0.628002
0.000000,0.653810
0.000000,0.629602
0.000000,0.654820
0.000000,0.660444
0.000000,0.670200
0.000000,0.746754
0.000000,0.700130
0.000000,0.673158
0.000000,0.688296
0.000000,0.704827
0.000000,0.714070
0.000000,0.703412
0.000000,0.722121
0.000000,0.705945
0.000000,0.782627
0.000000,0.758808
0.000000,0.744299
0.000000,0.763682
0.000000,0.733343
