0.000614,0.970840
0.000115,0.896147
0.000089,0.963679
0.000004,0.977745
0.000004,0.985670
0.000001,0.992230
0.000001,0.990541
0.000000,0.983610
0.000005,0.992899
0.000000,0.985866
0.000001,0.997823
0.000000,0.991388
0.000001,0.975972
0.000000,0.988836
0.000000,0.982495
0.000000,0.986304
0.000000,0.986606
0.000000,0.991888
0.000000,0.986809
0.000000,0.974630
0.000000,0.995815
0.000000,0.988930
0.151735,0.901737
0.000000,0.982956
0.000000,0.991468
0.000000,0.987516
0.000000,0.985452
0.000001,0.992256
0.000001,0.991385
0.000001,0.985876
0.000002,0.984507
0.000007,0.991833
0.000002,0.991094
0.000009,0.993684
0.002871,0.983886
0.000005,0.993409
0.000032,0.991665
0.000420,0.988392
0.000008,0.965562
0.000012,0.990357
0.000016,0.993108
0.000082,0.965461
0.000012,0.984715
0.000057,0.981198
0.000036,0.973879
0.000036,0.993266
0.000028,0.955011
0.000014,0.957699
0.000084,0.987157
0.000011,0.972483
0.000114,0.982041
0.000009,0.982300
0.000039,0.990507
0.000074,0.977833
0.000018,0.971308
0.000121,0.980236
0.000162,0.986517
0.000034,0.979872
0.000142,0.993200
0.000041,0.986420
0.000106,0.986927
0.000752,0.984189
0.000093,0.989996
0.000185,0.979103
0.000326,0.952100
0.000132,0.965420
0.000024,0.955579
0.000041,0.982853
0.000212,0.987422
0.000105,0.941686
0.000056,0.973567
0.000129,0.961443
0.000175,0.965814
0.000140,0.912457
0.000649,0.980910
0.000054,0.982043
0.000524,0.978656
0.000203,0.975135
0.000074,0.969957
0.000261,0.976978
0.000749,0.984471
0.001229,0.973757
0.000103,0.959687
0.000055,0.963992
0.000875,0.949150
0.000062,0.975780
0.000503,0.948913
0.000580,0.984918
0.000298,0.987967
0.000211,0.980892
0.000093,0.981392
0.000286,0.984374
0.000198,0.973405
0.000218,0.956261
0.000018,0.917893
0.000032,0.934668
0.000209,0.964056
0.000047,0.953436
0.000279,0.974102
0.000126,0.931197
0.000111,0.964518
0.000186,0.982953
0.000365,0.961210
0.000173,0.962706
0.000407,0.971605
0.000494,0.975311
0.000289,0.952159
0.000720,0.984256
0.000822,0.960509
0.000744,0.937419
0.000071,0.963418
0.000139,0.935584
0.000103,0.933907
0.000496,0.976591
0.000303,0.939677
0.000381,0.855206
0.000419,0.921481
0.000050,0.883827
0.000286,0.951652
0.000435,0.943128
0.000036,0.878026
0.000124,0.895198
0.000062,0.845398
0.000194,0.931861
0.000243,0.943795
0.000141,0.890266
0.000305,0.916034
0.000017,0.840503
0.000146,0.920755
0.000188,0.884698
0.000069,0.845095
0.000154,0.939803
0.000390,0.901509
0.000013,0.701796
0.000005,0.646197
0.000005,0.516269
0.000084,0.809518
0.000614,0.814293
0.000131,0.652447
0.000171,0.768453
0.000159,0.755878
0.000063,0.564936
0.000045,0.487934
0.000137,0.646481
0.132365,0.924739
0.000025,0.438687
0.000251,0.272225
0.006750,0.316233
0.000412,0.976917
0.003221,0.008230
0.007499,0.001573
0.004238,0.020934
0.244496,0.080777
0.004290,0.004502
0.011339,0.377299
0.000852,0.692156
0.000182,0.506007
0.000483,0.499217
0.000045,0.551370
0.000024,0.775961
0.000008,0.644646
0.000002,0.621597
0.000002,0.710336
0.000000,0.700574
0.000000,0.621639
0.000001,0.713753
0.000000,0.494113
0.018592,0.955431
0.000000,0.527972
0.000001,0.652271
0.000000,0.588203
1.420732,0.845423
0.000000,0.600638
0.000003,0.546461
0.000139,0.592021
0.000010,0.306871
0.000801,0.049972
0.000318,0.056746
0.000869,0.071658
0.003410,0.010066
0.000028,0.983229
0.046165,0.134324
0.158761,0.429390
0.019274,0.177834
0.004558,0.169008
0.015699,0.087912
0.005186,0.134601
0.609346,0.079673
0.000495,0.026896
0.000554,0.264334
0.001174,0.369736
0.000181,0.444906
0.000043,0.689337
0.000003,0.531603
0.000022,0.771485
0.000001,0.647123
0.000013,0.578927
0.000001,0.633252
0.000002,0.741034
0.000000,0.705990
0.000001,0.686084
0.000004,0.831990
0.000003,0.612940
0.000000,0.710940
1.383291,0.868328
0.000001,0.753826
0.000004,0.803533
0.000008,0.616680
0.000300,0.758877
0.000064,0.626037
0.000208,0.966779
0.000306,0.645538
0.004121,0.531198
0.007998,0.036207
0.003868,0.159243
0.001358,0.046698
0.001958,0.016290
0.002530,0.046053
0.032061,0.001134
0.014547,0.030922
0.001771,0.031323
0.042448,0.092095
0.008001,0.028327
0.009198,0.064893
0.001681,0.016928
0.000005,0.966527
0.034236,0.218653
0.000696,0.038076
0.175758,0.129213
0.044094,0.000314
0.000290,0.013293
0.002239,0.030838
0.002478,0.441072
0.001658,0.265423
0.000332,0.621613
0.015730,0.172017
0.009811,0.422853
0.000336,0.313745
0.000160,0.328759
0.000199,0.159822
0.000017,0.193638
0.005413,0.074908
0.003591,0.306470
0.000063,0.255198
0.001227,0.093599
0.000170,0.349101
0.001126,0.526716
0.000049,0.184672
0.001561,0.171015
0.000820,0.213363
0.000428,0.332026
0.000584,0.120027
0.000104,0.150303
0.001519,0.935381
0.000556,0.028895
0.000190,0.094384
0.000039,0.022245
0.000103,0.380570
0.002249,0.387278
0.000505,0.034699
0.003787,0.001478
0.000143,0.005169
0.015222,0.001216
0.006491,0.010146
0.000747,0.000134
0.001494,0.022605
0.003651,0.028582
0.000305,0.001902
0.019022,0.874837
0.002242,0.015940
0.000074,0.060688
0.000095,0.024151
0.016687,0.466667
0.027492,0.059043
0.008611,0.361491
0.000729,0.217481
0.000659,0.002626
0.005800,0.005480
0.000042,0.025198
0.012155,0.904985
0.000095,0.031038
0.005160,0.000524
0.005332,0.007931
0.010526,0.353311
0.000471,0.454760
0.005925,0.002405
0.007767,0.002501
0.143710,0.455667
0.007786,0.024435
0.000263,0.550854
0.000011,0.036572
0.000083,0.025307
0.000019,0.021242
0.001719,0.524381
0.000745,0.111758
0.000005,0.061525
0.000012,0.086202
0.000191,0.247658
0.000002,0.074918
0.002254,0.597552
0.000057,0.118839
0.000045,0.345520
0.000020,0.171400
0.000034,0.131800
0.000002,0.052448
0.000005,0.120774
0.000003,0.149350
0.677606,0.904455
0.000108,0.428341
0.001630,0.428686
0.000022,0.193282
0.000682,0.100023
0.009060,0.281516
0.026262,0.459468
0.005170,0.155831
0.004664,0.357687
0.014136,0.258355
0.129386,0.675576
0.008088,0.428039
0.009275,0.553570
0.003729,0.365377
0.028539,0.428822
0.003322,0.227456
0.204134,0.255577
0.023035,0.276027
0.009585,0.037078
0.000659,0.012990
0.000148,0.013377
0.014950,0.372669
0.003153,0.340980
0.005776,0.288942
0.000823,0.352798
0.000021,0.012387
0.000009,0.142412
0.000015,0.252288
0.000053,0.030301
0.000783,0.043798
0.000471,0.058776
0.001443,0.558712
0.000334,0.397755
0.284062,0.850455
0.000243,0.253284
0.000146,0.622161
0.000875,0.089899
0.000051,0.019537
0.000003,0.999495
0.000428,0.018293
0.000538,0.000729
0.023584,0.298253
0.009857,0.060334
0.000692,0.006018
0.076818,0.213828
0.016410,0.263384
0.015353,0.002511
0.000690,0.010568
0.003148,0.024223
0.000268,0.000006
0.001256,0.021549
0.005284,0.223584
0.002909,0.078422
0.017285,0.252338
0.001102,0.001486
0.025997,0.307168
0.002431,0.061571
0.010614,0.276221
0.000096,0.034189
0.000724,0.143806
0.000036,0.001484
0.002630,0.148470
0.003517,0.346352
0.006176,0.335889
0.002488,0.006749
0.004498,0.221842
0.000014,0.018119
0.055254,0.916569
0.002317,0.046201
0.007512,0.933940
0.000438,0.000644
0.000051,0.001732
0.000063,0.011048
0.000481,0.188522
0.000036,0.000081
0.000791,0.000436
0.010398,0.295397
0.000448,0.002006
0.011072,0.260612
0.001077,0.020490
0.000352,0.326986
0.000972,0.004076
0.001029,0.009139
0.000102,0.028841
0.000516,0.008173
0.000083,0.003050
0.000033,0.130602
0.011946,0.909796
0.000149,0.020484
0.000026,0.000496
0.002910,0.085306
0.060174,0.901953
0.002072,0.346412
0.000100,0.006789
0.000410,0.010923
0.000388,0.256932
0.009341,0.079784
0.000375,0.025524
0.013671,0.892049
0.001088,0.174154
0.000552,0.022075
0.000006,0.001156
0.007899,0.100188
0.008117,0.073800
0.012901,0.214858
0.001505,0.000669
0.000468,0.249268
0.004584,0.009724
0.000932,0.027269
0.000102,0.023759
0.000967,0.073798
0.000141,0.005400
0.003058,0.274121
0.024302,0.368876
0.178634,0.208275
0.000092,0.371196
0.000298,0.162360
0.000033,0.007104
0.000029,0.580683
0.041349,0.914309
0.000899,0.337808
0.000010,0.168457
0.000002,0.102657
0.000007,0.115500
0.000086,0.363585
0.000002,0.045579
0.000036,0.415934
0.000770,0.328231
0.000001,0.029003
0.000002,0.031993
0.002453,0.319176
0.297282,0.906529
0.000966,0.059538
0.002842,0.243988
0.004560,0.000455
0.005521,0.390508
0.000120,0.018639
0.018592,0.356266
0.000854,0.283869
0.000103,0.207917
0.000445,0.230528
0.027395,0.232144
0.017697,0.259574
0.071104,0.379708
0.001136,0.064930
0.000650,0.008092
0.000298,0.051478
0.000014,0.079372
0.035368,0.929254
0.000148,0.000214
0.001503,0.000844
0.055190,0.049004
0.000111,0.115760
0.000005,0.004125
0.000507,0.003807
0.011635,0.090803
0.000987,0.193204
0.037458,0.221405
0.000267,0.179158
0.000195,0.248873
0.000066,0.003017
0.000162,0.001134
0.000022,0.009666
0.000093,0.334548
0.000128,0.161619
0.000095,0.032971
0.000007,0.018592
0.000012,0.095776
0.002847,0.167223
0.000104,0.057789
0.001700,0.253529
0.000009,0.021281
0.000003,0.047712
0.000107,0.030415
0.000035,0.033928
0.000117,0.481557
0.001547,0.027198
0.000001,0.015334
0.005482,0.321981
0.435721,0.799847
0.000121,0.077955
0.060654,0.877770
0.000522,0.260744
0.007044,0.021586
0.023803,0.227054
0.014776,0.001100
0.000198,0.427301
0.752142,0.184337
0.004816,0.121235
0.035305,0.083723
0.000289,0.382914
0.005420,0.218274
0.000042,0.093701
0.000002,0.096979
0.000076,0.002504
0.000023,0.062374
0.000647,0.260964
0.000370,0.018510
0.001087,0.468018
0.000006,0.004492
0.000010,0.099289
0.000031,0.408386
0.000004,0.338589
0.000001,0.199380
0.000001,0.078134
0.000000,0.092722
0.000000,0.277280
0.000022,0.299463
0.630788,0.862527
0.000008,0.042847
0.000000,0.008176
0.000005,0.149633
0.001018,0.056374
0.000039,0.006783
0.000666,0.276468
0.000552,0.058380
0.076976,0.822739
0.006924,0.187123
0.000052,0.088513
0.059146,0.298959
0.202677,0.209142
0.000121,0.850669
0.000021,0.962491
0.000129,0.059893
0.000250,0.081852
0.000007,0.011826
0.010696,0.062767
0.000266,0.087128
0.007500,0.043303
0.001357,0.155018
0.000249,0.144391
0.000407,0.215747
0.000059,0.038227
0.031059,0.139255
0.066994,0.322481
0.000001,0.007566
0.060417,0.877240
0.000014,0.000098
0.000076,0.162403
0.000002,0.001425
0.000150,0.000000
0.000009,0.051235
0.000003,0.029276
0.005062,0.368713
0.000003,0.050137
0.000000,0.000000
0.000891,0.144636
0.000004,0.072929
0.000354,0.940374
0.000304,0.654296
0.000002,0.010332
0.001339,0.243029
0.277953,0.116859
0.000014,0.032668
0.004395,0.268414
0.027891,0.062222
0.000000,0.021015
0.000044,0.249597
0.016146,0.919517
0.000997,0.269079
0.000000,0.019514
0.000002,0.005291
0.000003,0.341960
0.000015,0.009320
0.000657,0.436130
0.000000,0.095664
0.000024,0.300501
1.184164,0.853122
0.000000,0.231089
0.004861,0.385171
0.000020,0.013673
0.003610,0.193230
0.000257,0.082599
0.327410,0.143112
0.000695,0.203771
1.871156,0.132560
0.043108,0.864731
0.002745,0.176209
0.000057,0.214383
0.000765,0.163537
0.000000,0.188980
0.002254,0.163441
0.000003,0.003954
0.000001,0.022040
0.000685,0.073357
0.000020,0.219513
0.000002,0.008447
0.000010,0.017596
0.000000,0.050151
0.000162,0.573482
0.000014,0.588904
0.000019,0.233567
0.000116,0.273038
0.000003,0.350331
0.000008,0.248094
0.000188,0.461494
0.001089,0.319800
0.000000,0.127288
0.000000,0.068540
0.000970,0.305581
0.000000,0.080107
0.000003,0.282652
0.000000,0.308254
0.000000,0.457203
0.000000,0.250067
0.000000,0.269600
0.000037,0.277486
0.000000,0.066086
0.008743,0.254214
0.000044,0.406901
0.000000,0.096958
0.000006,0.227619
0.000016,0.306772
0.000009,0.062464
0.000046,0.377269
0.000000,0.017739
0.000200,0.091953
0.000000,0.327248
0.000569,0.391235
4.300336,0.777514
0.000001,0.003805
0.000001,0.057575
0.000994,0.177949
2.247994,0.140914
0.078114,0.170313
0.000213,0.001273
0.000007,0.007796
0.174841,0.122513
0.024611,0.348619
0.000170,0.004736
0.007088,0.409369
0.000021,0.011625
0.000502,0.302562
0.000131,0.068617
0.000009,0.017114
0.000000,0.000034
0.000000,0.105699
0.000003,0.115790
0.000002,0.010426
0.000000,0.084604
0.000002,0.008412
0.000074,0.246813
0.002017,0.206450
0.000000,0.014395
0.000004,0.015746
0.000016,0.268936
0.000033,0.114930
4.201663,0.730330
0.000038,0.075841
0.000006,0.005472
0.024469,0.920028
0.005101,0.001028
0.000007,0.054719
0.000340,0.182326
0.000129,0.976146
0.002836,0.295879
0.209487,0.347528
0.054748,0.213690
0.119156,0.424425
1.107411,0.004938
0.003906,0.300824
0.006032,0.044605
0.048452,0.151135
0.000047,0.021776
0.004341,0.288879
0.000287,0.165568
0.000009,0.024208
0.001392,0.177829
0.000000,0.012479
0.000011,0.251209
0.000001,0.010119
0.000000,0.010922
0.000000,0.016481
0.000003,0.007458
0.000000,0.111585
0.000129,0.178962
0.016768,0.289599
0.026323,0.280712
0.000000,0.194759
0.000007,0.014996
0.000000,0.079364
0.000003,0.400090
0.000001,0.165575
0.000004,0.164415
0.000746,0.171978
0.000000,0.269356
0.000003,0.020780
0.000025,0.146277
0.000000,0.109315
0.000000,0.022261
0.000016,0.175166
0.000000,0.211274
0.000013,0.322808
0.184224,0.680546
0.000001,0.168943
0.000648,0.089091
0.004267,0.259115
0.228981,0.246145
0.000000,0.334192
0.000015,0.013657
0.000198,0.197034
0.000148,0.201588
0.000002,0.163912
0.000004,0.246954
0.000006,0.010151
0.000215,0.098774
0.000000,0.023455
0.000000,0.017397
0.000000,0.095073
0.000002,0.303931
0.000716,0.093070
0.000419,0.133369
0.000008,0.254102
0.000000,0.012764
0.000004,0.217131
0.000001,0.001556
0.000000,0.042837
0.000000,0.018761
0.000000,0.077385
0.000000,0.090886
0.000003,0.000008
0.000002,0.222824
0.000016,0.015046
0.000004,0.013083
0.001267,0.200893
0.000281,0.103457
0.000001,0.120688
0.000009,0.173554
0.000224,0.205332
0.000001,0.039371
0.000165,0.232827
0.000213,0.381585
0.003302,0.220625
0.000000,0.075042
0.000000,0.021439
0.000000,0.216554
0.000007,0.000121
0.001454,0.255027
0.000442,0.128785
0.000002,0.006668
0.000013,0.082496
0.011299,0.159514
0.005984,0.240214
0.000001,0.002969
0.000042,0.132654
0.000000,0.052463
0.002383,0.276949
3.945615,0.732982
0.000039,0.082286
0.000003,0.226696
0.000052,0.116843
0.302033,0.143166
0.000003,0.129897
0.193012,0.639830
0.048560,0.277201
0.012929,0.243053
0.236073,0.135425
0.000122,0.212543
0.000858,0.046231
0.008286,0.243245
0.006804,0.068111
1.615601,0.056863
0.000183,0.030553
0.001434,0.152599
0.110699,0.903977
0.000646,0.034085
0.000006,0.000040
0.000924,0.276407
0.000005,0.030992
0.000155,0.002098
0.000003,0.025675
0.000000,0.021261
0.000000,0.331060
0.000000,0.300918
0.000000,0.071392
0.000000,0.391800
0.000000,0.365874
0.000000,0.159921
0.000000,0.352695
0.000000,0.004593
0.000000,0.169090
0.000000,0.225169
0.000000,0.116931
0.000000,0.086580
0.000052,0.325306
0.000050,0.226052
0.000002,0.291857
0.000000,0.141925
0.000000,0.312706
0.000000,0.288753
0.000001,0.107356
0.000000,0.014358
0.000001,0.010888
0.000000,0.270367
0.000000,0.169582
10.308414,0.554196
0.000000,0.409620
0.000000,0.313277
0.000478,0.024541
0.000000,0.087039
0.000213,0.203791
0.000541,0.073142
0.000020,0.137549
0.005490,0.383655
0.064763,0.037433
0.004936,0.235055
0.000761,0.491640
1.039586,0.114879
0.004195,0.323280
0.000006,0.015087
0.000003,0.027877
0.000038,0.079914
0.000141,0.012651
0.000006,0.174577
0.000672,0.165649
0.000782,0.128930
0.014113,0.352933
0.000187,0.053495
0.000001,0.019067
0.020213,0.217674
0.001622,0.011421
0.000154,0.247267
0.000008,0.064183
0.000010,0.022549
0.000000,0.170942
0.000000,0.048439
0.000017,0.007208
0.000000,0.021712
0.000000,0.062293
0.000054,0.221723
0.000001,0.107643
0.000014,0.003377
0.000009,0.071805
0.000001,0.099745
0.000132,0.083964
0.001291,0.076929
0.133594,0.854614
0.000000,0.220640
0.000003,0.054956
0.000355,0.046193
0.000000,0.107427
0.000001,0.070936
0.000000,0.101843
0.000105,0.075650
0.002014,0.115354
0.000003,0.160288
0.000007,0.088477
0.000005,0.108784
0.000000,0.080850
2.069800,0.762684
0.005909,0.014423
0.000478,0.088854
0.000028,0.067241
0.204210,0.037460
0.001612,0.058583
0.000011,0.026411
0.509007,0.055148
0.000886,0.109641
0.001054,0.015017
0.000142,0.231161
0.067957,0.063276
0.000008,0.118577
0.001568,0.183388
0.000002,0.095969
0.000590,0.068171
0.001240,0.041541
0.000000,0.009460
0.000008,0.006232
0.000011,0.032212
0.002797,0.087280
0.000003,0.124093
0.001986,0.119186
2.457309,0.086858
0.000029,0.066201
0.001545,0.305407
0.002205,0.896899
0.000455,0.001336
0.000066,0.032225
0.000146,0.096400
0.000077,0.028213
0.095312,0.079149
0.020761,0.032888
0.000152,0.068562
0.471177,0.037195
0.000021,0.000027
0.000869,0.210308
0.003432,0.066241
0.000362,0.073824
0.000172,0.131844
0.000036,0.011564
0.000119,0.009809
0.000200,0.150466
0.000003,0.084414
0.471555,0.832156
0.000020,0.015035
0.000073,0.055610
0.000015,0.112492
0.895565,0.036348
0.065175,0.168087
0.029677,0.054435
0.000155,0.000628
0.000002,0.053574
0.000005,0.093176
0.000082,0.008780
0.000125,0.083707
0.000037,0.063295
0.000021,0.017260
6.613302,0.753529
0.000046,0.028412
0.000015,0.032241
0.000101,0.103176
0.000043,0.030150
0.000153,0.000675
0.038529,0.097370
0.000208,0.207020
0.023422,0.020224
0.006498,0.007090
0.428859,0.255749
0.000016,0.000031
0.100976,0.255102
0.154057,0.069320
0.000049,0.008244
0.000211,0.004421
0.006222,0.045536
0.000248,0.003188
0.000017,0.000737
0.001076,0.029450
0.050281,0.061803
0.000149,0.078926
0.005381,0.075108
0.000054,0.002816
0.000062,0.000155
0.000066,0.175783
0.059531,0.169245
0.000000,0.001794
0.000515,0.072242
0.293938,0.092538
0.000008,0.010023
0.001526,0.110514
0.000026,0.000271
1.077900,0.116179
0.000084,0.255226
0.896529,0.790004
0.000024,0.223009
0.000002,0.122298
0.004994,0.196229
0.002480,0.578349
0.000070,0.012688
0.002005,0.101011
0.000105,0.298107
0.000125,0.048030
0.000008,0.225184
0.002730,0.091038
0.000073,0.100569
0.000049,0.134349
0.000007,0.137623
0.000006,0.205663
0.018986,0.014792
0.000011,0.027153
0.000031,0.130538
0.000070,0.220236
0.000006,0.406573
0.000362,0.345980
0.000121,0.000224
0.000002,0.070816
0.002274,0.097584
0.003898,0.029812
0.000127,0.000032
0.000002,0.009617
0.000385,0.048857
0.000000,0.002552
0.001129,0.090541
0.054964,0.044178
0.000834,0.054881
0.000047,0.010261
0.000002,0.004458
0.000001,0.312292
0.000107,0.136185
0.000078,0.164279
0.037070,0.087016
0.043330,0.033250
0.001138,0.052644
0.000010,0.081890
0.002085,0.127771
0.000001,0.055687
0.000064,0.013244
0.005522,0.130090
0.000681,0.108473
0.000058,0.039157
0.000057,0.049856
3.141273,0.654438
0.000890,0.025907
0.000054,0.015010
0.059228,0.860973
0.113405,0.211983
0.000204,0.025428
0.000695,0.099870
0.000543,0.080854
0.064429,0.019599
0.006536,0.069449
0.145215,0.031864
0.015214,0.241037
0.002919,0.428598
0.001567,0.126261
0.000302,0.074277
0.032519,0.087522
0.004832,0.113933
0.000256,0.062597
0.004770,0.139622
0.333336,0.170249
0.000761,0.024968
0.001090,0.325800
0.002699,0.038653
0.046244,0.067919
0.000154,0.072116
0.003308,0.077107
1.086196,0.118034
2.778924,0.688745
0.000411,0.038906
0.026052,0.075530
0.000624,0.122081
0.001063,0.000047
0.000031,0.000303
0.005202,0.000380
0.153327,0.221310
0.096610,0.002327
5.279806,0.046093
0.014046,0.262802
0.104487,0.105644
0.000013,0.144230
0.000006,0.053895
1.714187,0.737704
0.005428,0.194310
0.000097,0.243179
0.035477,0.244033
0.000015,0.045983
0.046757,0.021745
0.000078,0.254902
0.038481,0.068035
0.000091,0.070860
0.000002,0.022165
0.000004,0.000656
0.000000,0.009216
0.000087,0.007778
0.002137,0.083249
0.000216,0.006721
0.032433,0.143510
0.000796,0.070318
0.000188,0.018333
0.000480,0.018839
0.000413,0.121832
0.000053,0.037902
0.003867,0.222293
0.000013,0.154745
0.003228,0.116948
0.000004,0.015062
4.244515,0.639837
0.032329,0.095380
0.001572,0.161878
0.000007,0.077252
0.000275,0.329166
0.001422,0.028730
0.000768,0.168205
0.106788,0.022132
0.007039,0.012810
0.170282,0.063834
0.000075,0.092091
0.000585,0.130795
0.001266,0.072188
0.016530,0.845834
0.962056,0.058195
0.185849,0.049329
0.085983,0.069713
0.000246,0.979645
0.024486,0.111770
0.000069,0.012101
0.000007,0.002693
0.000175,0.001044
0.006782,0.053363
0.000004,0.024381
0.000000,0.004256
0.000139,0.155913
0.001063,0.101332
0.001905,0.037887
0.000000,0.018481
0.000000,0.012927
0.000005,0.054178
0.000291,0.008341
0.000000,0.012357
0.000003,0.032851
0.000495,0.052966
0.000002,0.044265
0.000002,0.000609
4.704385,0.570534
0.000000,0.091318
0.886979,0.461038
0.000584,0.069787
0.001729,0.012621
0.000360,0.035998
0.001064,0.097326
0.000008,0.026039
0.000678,0.147262
4.907802,0.078989
0.000021,0.046319
0.000417,0.081512
0.027409,0.078185
0.027255,0.041581
0.000017,0.034420
0.021122,0.024716
0.000869,0.081305
0.001728,0.050035
0.000018,0.034566
3.335650,0.387444
0.000011,0.003987
0.101727,0.011783
1.231661,0.700992
0.042903,0.052186
0.009007,0.051250
0.018699,0.000995
2.010670,0.127194
0.004555,0.030167
0.040976,0.064051
0.508538,0.027643
0.013798,0.249723
0.000225,0.062802
0.009642,0.022973
0.000024,0.819527
0.001239,0.024824
0.000414,0.027384
0.003970,0.027953
0.151680,0.050966
0.000511,0.032375
0.000114,0.020817
0.011867,0.061909
0.029701,0.112745
0.000078,0.000981
0.000904,0.003674
4.020753,0.055720
0.001048,0.000805
0.039751,0.090155
0.003378,0.160130
0.006627,0.125415
0.000012,0.201863
0.000022,0.203144
0.000022,0.206028
0.000041,0.270844
0.001355,0.258193
0.003675,0.134730
0.000033,0.236445
5.668962,0.524381
0.000001,0.053072
0.000074,0.183353
0.000365,0.087146
0.000003,0.012176
0.000150,0.140040
0.000054,0.252041
0.000031,0.013880
0.003101,0.093217
0.000056,0.221685
0.000033,0.017686
0.693191,0.039229
0.000579,0.000997
0.000391,0.000004
0.000002,0.020559
2.291481,0.307265
3.510619,0.521033
0.002942,0.060592
0.204078,0.003907
0.009614,0.079070
0.003199,0.029193
4.198974,0.018545
0.009124,0.055697
1.520133,0.056446
0.252385,0.059943
0.000529,0.139839
0.001122,0.004262
0.000573,0.208020
0.000617,0.214741
0.000147,0.047347
0.000062,0.069129
0.000281,0.018504
0.000107,0.002001
0.000120,0.017892
1.563647,0.071412
0.000085,0.021789
0.015708,0.001061
0.000187,0.071573
0.001119,0.051292
0.000238,0.096589
0.001420,0.088139
0.000051,0.029980
0.004700,0.014141
0.000149,0.125156
0.900016,0.557006
0.004253,0.020169
0.000054,0.022639
0.001807,0.021632
0.032171,0.089159
0.000160,0.016044
0.005560,0.009535
0.003771,0.006619
0.002283,0.179703
0.000056,0.098930
4.544100,0.470066
1.875072,0.469645
0.001910,0.258600
0.037903,0.016361
0.001089,0.058212
3.828726,0.005669
0.858655,0.592669
0.010761,0.140970
0.074144,0.042483
0.002032,0.004676
0.321315,0.078746
0.057983,0.136124
0.448285,0.083645
0.249743,0.051048
4.018713,0.076563
0.473829,0.131991
0.040897,0.045439
0.000068,0.000308
0.008500,0.022799
0.007373,0.008317
0.000086,0.171379
0.000347,0.032551
0.001164,0.025070
0.000003,0.032818
0.000011,0.235240
0.000001,0.106636
0.000002,0.082406
1.819266,0.397503
0.000016,0.132617
0.000000,0.002028
0.000008,0.121149
0.000002,0.133870
0.000331,0.055074
0.000000,0.024452
0.000684,0.195943
0.000027,0.123254
0.001790,0.008288
0.000016,0.087976
0.000080,0.119755
0.000002,0.059239
0.000002,0.052204
0.006852,0.384037
0.000003,0.055756
9.377442,0.237324
0.000224,0.020068
0.007715,0.110768
0.000502,0.002447
0.000005,0.000190
0.000060,0.006656
0.002279,0.178625
0.001159,0.039086
0.005808,0.004081
0.096204,0.500131
3.414705,0.070896
0.002919,0.073023
0.000369,0.075079
0.379880,0.065012
0.488698,0.018417
0.286693,0.045738
0.006348,0.013854
0.095206,0.006672
0.021319,0.001612
0.001543,0.014013
0.001793,0.024187
0.000973,0.072518
0.001180,0.043777
1.325830,0.153335
0.094183,0.020381
0.137777,0.014934
0.001002,0.000024
0.002739,0.098902
1.787821,0.007691
0.037480,0.007465
1.426001,0.008727
0.038563,0.007461
0.004428,0.004003
0.015176,0.004838
0.003371,0.097161
0.000264,0.032712
0.006302,0.041052
7.826910,0.035765
0.006005,0.058809
0.096445,0.287537
0.820073,0.006924
0.055638,0.000230
0.003477,0.001594
0.010146,0.001856
0.088061,0.004027
0.000266,0.017424
0.031022,0.002216
0.003292,0.043183
0.000062,0.000168
8.751792,0.083327
0.876576,0.248283
0.000262,0.015505
0.014610,0.029033
0.054191,0.000525
0.008006,0.026192
0.020631,0.019807
0.109998,0.032539
0.103803,0.005699
3.230569,0.050098
1.369024,0.035822
0.468946,0.087569
0.371102,0.103486
0.799828,0.016228
0.008385,0.000061
0.584346,0.008957
0.003372,0.011423
0.000296,0.077274
0.000325,0.000429
0.000445,0.078471
0.000010,0.000001
0.000397,0.073637
0.000001,0.022939
0.000333,0.057297
0.123889,0.157541
0.000010,0.042506
0.000001,0.026083
0.000029,0.011783
0.000003,0.001046
0.000000,0.032556
0.000049,0.208770
0.000002,0.000003
0.000056,0.175989
0.000000,0.006806
0.000003,0.026467
0.000001,0.042484
0.000000,0.001223
0.000113,0.091155
0.000001,0.003389
0.000000,0.002144
0.000000,0.009230
0.000004,0.000593
0.000005,0.043262
0.000008,0.051578
0.000000,0.019122
0.000271,0.169416
0.000000,0.027913
0.000008,0.000339
0.000000,0.000034
0.000000,0.000484
0.000000,0.002561
0.000002,0.005588
0.000000,0.000702
0.000002,0.000317
0.000003,0.098898
0.000003,0.047987
0.000000,0.001771
0.000000,0.004516
0.000001,0.000194
13.708171,0.043345
0.000000,0.003331
0.000026,0.025023
0.000181,0.000569
0.000032,0.005184
0.000029,0.000877
0.000003,0.000296
0.000000,0.001139
0.000000,0.006823
0.000412,0.197319
0.000018,0.036161
0.000244,0.000416
0.000019,0.001423
0.000047,0.023265
0.000001,0.001417
0.000051,0.013147
0.000000,0.000242
0.000002,0.003753
0.000122,0.011942
0.000351,0.003702
0.000003,0.001805
0.000004,0.050492
0.000009,0.001065
0.000044,0.000012
0.000002,0.001377
0.000397,0.022047
0.000003,0.021732
0.000393,0.000873
0.000008,0.004356
0.000319,0.000529
0.000213,0.001416
10.983171,0.042110
0.000001,0.000719
0.013069,0.001668
0.000001,0.006022
0.010168,0.002479
0.000360,0.002141
0.000824,0.003617
0.000143,0.002267
0.000851,0.000336
0.011087,0.000007
0.011219,0.043057
0.003020,0.002278
0.005675,0.001774
0.016592,0.063953
0.058810,0.000445
0.398466,0.000022
0.092380,0.027786
0.011727,0.000001
0.000124,0.027669
0.008353,0.003430
2.395739,0.039818
0.005177,0.000039
0.020170,0.003827
0.000380,0.056928
0.007466,0.000174
0.018295,0.054062
0.002603,0.130688
0.005884,0.050731
0.104319,0.034154
0.047173,0.015509
0.046968,0.030145
0.033249,0.023641
0.004935,0.020885
2.459920,0.012220
0.001714,0.049458
0.005745,0.012498
0.020024,0.000033
0.008431,0.031354
0.002478,0.003782
0.000246,0.004019
0.010124,0.001450
0.002585,0.000001
0.013408,0.005371
0.115361,0.003367
0.003753,0.000587
0.000028,0.000454
0.000005,0.000021
0.001599,0.000000
0.003461,0.002126
0.000075,0.000007
0.000158,0.000303
0.014313,0.001122
0.001226,0.001454
0.003126,0.006623
0.000005,0.002305
0.000490,0.002596
0.000275,0.000351
0.090861,0.003061
0.015984,0.003120
0.000404,0.010888
0.000017,0.001635
0.001006,0.004637
0.000274,0.008149
0.000021,0.000007
0.000031,0.010474
0.000008,0.002433
0.000162,0.005543
0.001581,0.000849
0.000720,0.000066
4.586503,0.049797
0.000081,0.002291
0.000671,0.000104
0.000030,0.000327
0.000001,0.000128
0.004870,0.000327
0.007462,0.005842
0.001244,0.001222
0.000211,0.006159
1.201808,0.000018
0.008349,0.007024
0.000075,0.001162
0.002297,0.001092
0.000307,0.011212
0.000358,0.000018
0.000047,0.002717
0.001057,0.004083
0.431084,0.022205
0.006009,0.000229
0.000007,0.001173
0.000542,0.002935
0.000089,0.000682
0.000070,0.000033
0.000125,0.003629
0.000011,0.000202
0.000001,0.001203
0.000013,0.001466
2.918358,0.009957
0.000462,0.004844
0.000132,0.001589
0.000439,0.005534
0.000176,0.000048
0.000267,0.000065
0.000009,0.000000
0.002901,0.004196
0.018793,0.010646
0.000010,0.000947
0.000089,0.000340
0.002817,0.011565
0.000008,0.002939
0.000094,0.007691
0.012861,0.019146
0.034149,0.003562
0.004548,0.000015
0.017375,0.010214
0.000353,0.000244
0.004203,0.000044
0.000784,0.000226
0.000220,0.000409
0.000002,0.000714
0.000043,0.000000
0.000036,0.000464
0.052703,0.004146
0.000024,0.002790
0.000064,0.006241
0.000230,0.007817
0.000514,0.001843
0.003185,0.004156
0.001853,0.031465
0.000117,0.010173
0.000062,0.000119
2.827542,0.046952
0.000098,0.000008
0.000914,0.000074
0.000434,0.000075
0.019135,0.007222
0.000031,0.005112
0.001070,0.000294
0.045301,0.006740
0.773818,0.000162
0.012263,0.000001
0.001634,0.000001
0.001956,0.000110
0.067813,0.020990
0.454275,0.001978
0.007589,0.000067
0.000639,0.001805
0.000009,0.000627
0.000498,0.001387
0.000011,0.000249
0.000071,0.003026
0.000017,0.000014
0.045837,0.003622
0.014476,0.024837
0.000033,0.009507
0.000257,0.000169
0.038729,0.002792
7.111347,0.127961
0.002247,0.011031
0.006514,0.015142
0.000072,0.002023
0.007092,0.033844
0.000054,0.007561
0.000192,0.004294
0.008261,0.049087
0.450209,0.003453
0.002067,0.000086
2.097836,0.222141
0.082425,0.001497
0.011528,0.000003
0.001552,0.014388
0.031517,0.014490
0.069007,0.003462
1.074119,0.000189
0.010265,0.000305
0.015757,0.001518
0.001684,0.000178
0.002258,0.003028
0.098443,0.051919
0.145456,0.000132
0.001527,0.000000
0.003497,0.000255
0.000175,0.002593
0.006958,0.002168
0.002974,0.006787
0.000766,0.000318
0.010369,0.054788
0.000112,0.000025
0.001716,0.000426
0.003265,0.000623
0.001670,0.000886
0.061784,0.000736
5.805189,0.186839
0.000245,0.009565
0.069070,0.006928
0.075735,0.002742
0.645188,0.273907
0.011448,0.004209
0.005760,0.020615
0.046473,0.001474
0.000469,0.000047
0.003883,0.003289
0.010076,0.001059
0.001930,0.000326
0.158124,0.001162
0.000087,0.000001
0.035260,0.045698
0.003998,0.053977
0.022919,0.035238
0.042180,0.001072
0.044513,0.118875
0.001441,0.007270
0.000435,0.033945
0.022616,0.036797
0.206805,0.002782
0.000423,0.026214
0.367811,0.001810
0.010236,0.012153
0.000308,0.001051
0.003350,0.000140
0.020676,0.287773
0.001244,0.001103
7.621213,0.246151
0.008675,0.000713
0.001589,0.004059
0.100066,0.092670
0.146925,0.042616
0.010743,0.000967
0.045106,0.004522
0.037751,0.021784
0.097604,0.001499
0.039055,0.000162
0.983600,0.351608
0.051728,0.000004
0.833916,0.002484
0.013560,0.010646
0.004140,0.005283
0.032137,0.000744
0.045279,0.000237
0.147015,0.009143
0.002793,0.000010
4.582525,0.318290
0.027038,0.001036
0.001702,0.000299
0.095218,0.002502
0.003168,0.005129
0.014360,0.000198
0.004373,0.011969
0.004240,0.038659
0.006584,0.129892
0.715985,0.000599
0.010116,0.082626
0.061545,0.000158
0.019284,0.000111
0.002432,0.080395
0.225905,0.002295
0.248667,0.014852
0.019263,0.001106
0.364472,0.300309
0.000834,0.039235
0.749936,0.000000
0.024916,0.000003
0.003290,0.000109
0.002254,0.000134
0.000120,0.000324
0.010138,0.004163
0.006403,0.009128
2.946678,0.305204
5.766686,0.293833
0.087974,0.000332
2.640012,0.478990
0.001248,0.006574
0.013277,0.000769
0.009370,0.049966
0.080890,0.000127
0.016307,0.001305
0.005390,0.000000
0.003266,0.000017
2.187179,0.324770
0.688015,0.020505
0.340584,0.304163
1.062104,0.001936
0.101199,0.004738
0.003479,0.000410
0.057276,0.003116
0.228860,0.000000
0.176954,0.171013
0.124189,0.002032
0.088770,0.001952
0.001307,0.002387
0.640615,0.004196
0.038982,0.038610
0.275244,0.002218
0.000160,0.000102
0.007800,0.023690
0.005053,0.000000
0.000005,0.001085
0.002868,0.000148
0.000038,0.000431
0.000047,0.000889
0.001338,0.009262
0.000104,0.001994
0.000019,0.000618
4.429700,0.222145
0.001456,0.003039
0.000078,0.000699
0.014372,0.018013
0.005348,0.006989
0.000629,0.000000
0.124100,0.001630
0.000037,0.000000
0.058398,0.000947
0.000032,0.000098
0.009043,0.066997
0.000006,0.000280
0.000006,0.000101
0.003683,0.000925
0.000042,0.000008
0.000003,0.000209
0.004161,0.012668
0.000072,0.000880
0.000711,0.001121
0.047457,0.019130
0.000289,0.004420
0.056849,0.006406
0.008741,0.132197
0.003044,0.021046
0.008351,0.000976
0.001017,0.000582
0.016479,0.033282
0.006902,0.064043
0.004774,0.119207
0.001643,0.000005
0.000124,0.000900
0.001196,0.002858
0.002037,0.000000
0.115913,0.000144
0.004035,0.000589
0.000053,0.001650
0.000942,0.000032
0.000691,0.028353
0.074701,0.133323
0.000426,0.000462
0.000039,0.000196
0.000182,0.005047
0.002494,0.018098
0.000216,0.005577
0.000776,0.000126
0.001392,0.039856
0.000227,0.005332
0.000009,0.000279
0.000003,0.000695
0.000011,0.000001
7.833594,0.176282
0.000083,0.000000
0.406556,0.131622
0.000050,0.000006
0.043068,0.019343
0.000039,0.000010
0.000789,0.003818
0.000534,0.000374
0.007781,0.000194
0.089915,0.001621
2.792922,0.422777
0.063204,0.006458
0.009371,0.011070
0.035034,0.003742
0.010579,0.002216
0.219872,0.421128
0.827347,0.004649
0.051056,0.000019
0.279113,0.004552
0.001311,0.012732
0.055264,0.000000
0.760792,0.000227
0.494111,0.003192
0.051136,0.000676
0.040268,0.003115
0.128788,0.000011
0.190283,0.000392
0.007371,0.008177
0.039170,0.003534
0.015703,0.001113
2.104092,0.571921
0.012058,0.000177
0.021730,0.000021
0.023432,0.004929
1.381544,0.084832
0.041914,0.105644
0.016293,0.001589
0.385356,0.002038
0.004320,0.000021
1.654941,0.002614
0.052097,0.000036
0.187977,0.000114
0.130496,0.000004
0.019517,0.001949
0.010175,0.006288
0.006901,0.001276
0.005593,0.013951
0.568771,0.118180
0.030127,0.009739
0.000032,0.000014
0.002343,0.000018
0.161550,0.002421
0.000587,0.000000
0.032708,0.031852
0.000599,0.000878
0.396782,0.009614
4.237387,0.240831
0.002111,0.000320
0.006645,0.000016
0.018576,0.002937
3.323789,0.000020
2.049920,0.000757
3.057750,0.289228
0.006640,0.000002
0.001277,0.000768
0.928828,0.095328
3.318078,0.004744
0.003041,0.000353
0.313222,0.005094
0.043178,0.009267
0.065857,0.000000
0.014225,0.006380
0.039569,0.006573
0.319088,0.006153
0.000842,0.017296
0.014778,0.029345
0.001855,0.015862
0.027311,0.039594
0.001535,0.107105
0.016712,0.000071
3.558734,0.229060
0.010910,0.007185
0.347279,0.003219
0.001277,0.025448
0.007876,0.003858
0.010975,0.077258
0.023800,0.012153
0.022590,0.012810
0.006503,0.005218
0.336535,0.015230
0.108002,0.000181
1.335904,0.027657
0.317076,0.610051
0.034466,0.473611
0.010082,0.002862
0.001776,0.003720
0.190147,0.007711
0.088177,0.042791
0.004731,0.001366
0.023504,0.000098
0.032015,0.003138
0.002103,0.000002
0.001096,0.016740
0.000275,0.000002
0.000109,0.000077
0.000830,0.000295
2.675173,0.225578
2.344161,0.001975
0.016806,0.003317
0.001398,0.001605
0.045481,0.003461
0.058957,0.046885
0.000224,0.004833
0.399152,0.006768
0.062568,0.006577
2.857773,0.006127
0.045446,0.000872
0.003597,0.011309
0.004392,0.001024
0.104443,0.012745
0.009189,0.008932
0.006898,0.000125
0.283598,0.002453
0.002241,0.000910
0.000150,0.018606
0.003285,0.001828
0.001926,0.000161
0.000214,0.000388
0.228784,0.000000
0.221430,0.000606
1.590589,0.006228
0.043799,0.000001
0.000196,0.007639
0.008432,0.006297
0.277689,0.000001
0.008669,0.001098
0.005022,0.004327
0.000007,0.000091
0.000039,0.004434
0.000118,0.003062
0.000032,0.002759
5.143746,0.000007
0.000013,0.003712
0.000693,0.000115
0.000006,0.008185
0.021026,0.003413
0.011036,0.000010
0.000493,0.000251
0.000064,0.006436
0.004262,0.012761
0.000858,0.030307
0.000077,0.017380
0.000248,0.000240
0.000097,0.001514
0.000154,0.001128
0.000711,0.000002
0.060525,0.000105
0.000009,0.005062
0.323987,0.009740
0.548398,0.000000
0.047334,0.000001
0.000175,0.001329
0.001026,0.000782
0.010158,0.002952
0.000107,0.009702
0.002201,0.013552
0.002222,0.000125
0.001245,0.000132
0.000022,0.010148
0.000036,0.000391
8.131292,0.134552
0.674988,0.010618
0.000148,0.010332
0.000014,0.001019
0.000230,0.009081
0.010196,0.021593
0.006921,0.005759
0.012172,0.011694
0.001048,0.000284
0.042265,0.008760
0.000214,0.010433
0.001089,0.000636
0.000335,0.001227
0.003224,0.011920
0.000336,0.000195
4.151676,0.132454
0.000066,0.000000
7.524531,0.123897
0.015718,0.022907
0.000956,0.002899
0.045980,0.000047
0.008632,0.005185
0.004807,0.004868
0.292461,0.009468
0.064747,0.032829
0.029996,0.037207
0.022174,0.006316
0.023878,0.029092
0.018225,0.000848
0.034094,0.000305
0.002851,0.028428
0.037253,0.001576
0.149469,0.000958
0.009363,0.010397
0.185535,0.003686
0.022213,0.033473
0.006247,0.016329
0.015787,0.003811
2.783492,0.001050
0.489207,0.013502
0.252064,0.000040
0.067512,0.001069
0.047807,0.010202
0.022154,0.036798
0.355997,0.000036
0.015323,0.004654
0.003769,0.000485
0.019242,0.000018
0.026953,0.002466
0.044387,0.008137
0.091174,0.063289
0.034439,0.000870
0.009960,0.005481
0.049117,0.000137
3.464388,0.053442
2.349778,0.028763
0.176225,0.014735
0.050962,0.017274
0.288073,0.000039
0.163675,0.005629
0.046375,0.000967
0.180823,0.000352
0.551203,0.015851
0.074079,0.002293
0.148031,0.007329
2.197449,0.011737
0.051515,0.023848
0.318244,0.019685
0.006751,0.021797
0.033276,0.001174
0.006122,0.018669
0.016120,0.007043
0.030398,0.032037
0.010956,0.028195
0.000320,0.014748
0.009537,0.003566
0.036984,0.010106
0.000958,0.009671
0.000650,0.038180
0.000865,0.028438
0.000983,0.022059
0.001448,0.002107
0.004017,0.002332
0.000182,0.021360
0.003096,0.001448
0.000174,0.000423
0.000146,0.000689
0.000065,0.012052
0.000023,0.004114
0.007884,0.005789
0.000287,0.016373
0.000128,0.001715
3.820059,0.022163
0.004389,0.005572
0.015045,0.014423
0.054437,0.031739
0.000049,0.000038
0.002148,0.032950
0.003070,0.004371
0.034206,0.023798
0.000616,0.002571
0.006146,0.003098
0.001459,0.004649
0.007460,0.000641
0.000352,0.001346
0.000462,0.022516
0.001043,0.004787
0.019883,0.002042
0.005023,0.001309
0.086642,0.014851
0.151391,0.010279
0.001725,0.000631
0.101140,0.008509
0.002275,0.000064
3.404458,0.118268
0.000776,0.014178
0.002795,0.016000
0.024116,0.006721
0.022927,0.006484
0.134601,0.011229
0.001508,0.007637
0.044913,0.023895
0.091958,0.007140
0.047408,0.000531
0.088661,0.011065
0.000857,0.003842
0.002543,0.005108
0.004890,0.002033
0.022758,0.022735
0.002362,0.000112
0.006479,0.015240
0.012271,0.000000
0.000243,0.001516
0.008226,0.009521
0.001447,0.001434
0.001149,0.005521
0.002887,0.010085
0.003841,0.039645
0.014960,0.005597
0.000992,0.008795
0.002215,0.021052
0.506909,0.004868
0.022136,0.000465
0.017167,0.007854
0.005054,0.007811
0.000826,0.003030
0.000442,0.000377
0.001991,0.028811
0.000338,0.000000
0.018213,0.005541
0.003332,0.020804
0.021229,0.010884
0.005886,0.000024
0.011835,0.007523
0.005562,0.003267
0.014100,0.010914
0.002861,0.014256
0.013243,0.020933
0.005929,0.000585
0.000157,0.000000
0.000090,0.000114
0.001062,0.026704
0.001137,0.000994
0.000922,0.000247
0.000042,0.000739
0.013737,0.003704
6.962195,0.090773
0.006329,0.020758
0.000334,0.000243
0.000294,0.003895
0.000257,0.000593
0.001291,0.000096
0.000366,0.005876
0.002608,0.002430
0.018995,0.012140
0.100198,0.040877
0.002933,0.000301
0.008472,0.006275
0.470831,0.030095
0.006079,0.000000
0.053923,0.026309
0.030546,0.002401
0.032927,0.011989
0.005613,0.012055
0.025156,0.008692
1.197040,0.007401
0.017381,0.000003
0.064030,0.003506
0.000643,0.001770
0.000038,0.005741
0.005249,0.001136
0.000156,0.000011
0.002471,0.007336
0.008031,0.007767
0.000073,0.003997
0.584909,0.010572
0.000199,0.011151
0.003018,0.010604
0.000007,0.000063
0.000028,0.005338
0.000754,0.017144
0.000073,0.003087
0.000474,0.012299
0.000013,0.001556
0.000856,0.008245
0.000005,0.012510
0.000361,0.003142
0.000196,0.000606
0.000001,0.000047
0.000060,0.000339
0.000189,0.000073
0.000030,0.002564
0.000469,0.010477
0.000003,0.001894
0.000005,0.000301
0.000002,0.011892
0.000097,0.000000
6.232214,0.076972
0.000031,0.000549
0.000524,0.011842
0.000004,0.005941
0.000012,0.005197
0.000025,0.000778
0.000034,0.003755
0.000126,0.001361
0.003064,0.005065
0.000088,0.005495
0.000053,0.000902
0.001515,0.000284
0.000019,0.008934
0.000199,0.019124
0.000431,0.004647
4.132343,0.276333
0.008132,0.033121
0.001676,0.013622
0.000912,0.000349
0.001009,0.001977
0.000851,0.002617
0.035998,0.002273
0.000935,0.015661
0.011833,0.002908
0.025439,0.013461
0.000571,0.004363
0.000764,0.003294
0.009092,0.006764
0.000302,0.034383
0.053924,0.003772
0.040539,0.011970
0.001548,0.000373
0.001048,0.009136
0.031020,0.008924
0.005150,0.032358
0.000785,0.000298
0.001095,0.000031
0.016058,0.011236
0.000140,0.009193
0.000738,0.008159
0.000913,0.023577
0.003218,0.021020
0.001342,0.001603
0.001955,0.000001
0.000914,0.000317
1.383116,0.004757
0.002678,0.029465
0.000534,0.004159
0.001051,0.001490
0.003517,0.005242
0.001494,0.004457
0.000977,0.000000
0.001118,0.018528
0.001618,0.002898
0.000269,0.002260
0.000052,0.001301
0.000016,0.001896
0.000254,0.012955
0.000684,0.005835
0.000277,0.001316
0.000053,0.005011
0.000030,0.009064
0.000439,0.001297
0.000020,0.013405
0.000021,0.005697
0.001323,0.010032
0.000073,0.000955
0.006304,0.000135
0.000020,0.008521
0.000425,0.001679
0.000106,0.012025
9.092986,0.053332
0.000023,0.001549
0.000025,0.000417
7.251273,0.034488
0.001135,0.015750
0.000878,0.003209
0.006224,0.000000
0.002400,0.004025
0.007625,0.007755
0.009891,0.017043
0.008260,0.022096
0.000789,0.000406
0.017343,0.000636
0.020909,0.003246
0.029740,0.005470
0.063065,0.002505
0.007356,0.006558
0.035829,0.000000
0.013785,0.000066
0.124184,0.004538
0.001722,0.000267
0.006547,0.005355
0.145428,0.003372
0.022494,0.002893
0.005861,0.000263
0.019748,0.014819
1.463984,0.297691
0.014191,0.004495
0.016701,0.002071
0.439896,0.006826
0.084625,0.000615
0.086294,0.007850
0.004338,0.000274
0.010657,0.013109
0.485898,0.007542
0.037164,0.002526
0.095245,0.015460
0.022462,0.019105
0.176723,0.000703
0.001675,0.000000
0.016158,0.013455
1.419199,0.281563
0.024814,0.000309
0.025770,0.004661
0.006732,0.007484
0.007875,0.006326
0.016103,0.000924
0.073820,0.007975
0.006901,0.010517
0.013747,0.000000
0.044377,0.017386
0.004592,0.016457
0.472410,0.006004
0.001055,0.005070
0.033279,0.001231
0.007295,0.018140
0.026690,0.005061
0.001318,0.007266
0.009629,0.000251
0.000057,0.003114
0.001571,0.004429
0.060906,0.002471
0.070110,0.000252
0.038838,0.000164
0.000298,0.000078
0.003785,0.023904
8.537853,0.023013
0.008458,0.017598
0.012650,0.000880
0.000973,0.000071
0.042644,0.001618
0.075044,0.007987
0.008312,0.019125
0.086755,0.004228
0.003164,0.004987
0.013077,0.000937
0.156227,0.003016
0.064033,0.003889
0.002503,0.000523
0.013480,0.005341
0.016274,0.005423
0.301667,0.003914
0.044374,0.002700
0.000439,0.000280
0.008088,0.007883
0.032406,0.001803
0.028496,0.001829
0.003412,0.002584
0.011160,0.000254
0.003515,0.033634
0.036022,0.000027
0.005259,0.013956
0.007186,0.005456
0.003909,0.000784
0.000873,0.000000
0.001066,0.000726
0.000259,0.004262
0.001280,0.000000
0.000310,0.002234
0.443123,0.013141
0.000711,0.000367
0.016203,0.002153
0.003069,0.000051
0.009319,0.005118
0.072931,0.006901
0.000625,0.003397
0.001073,0.000000
0.004118,0.001201
0.004632,0.002428
0.000475,0.000495
0.000825,0.001054
0.005966,0.001012
0.011876,0.001175
0.000164,0.005270
0.000386,0.002587
0.003643,0.005160
0.004147,0.000024
0.000735,0.000944
0.066144,0.010872
0.000099,0.000599
0.001249,0.007422
0.000451,0.000018
0.000055,0.000028
0.002441,0.000056
0.000301,0.020239
0.000807,0.003665
0.004837,0.011045
0.000235,0.000019
0.001263,0.007507
0.000345,0.001264
0.008379,0.017776
0.000642,0.002540
0.002264,0.003255
0.000062,0.001535
0.000197,0.000689
0.000994,0.015722
4.214298,0.051045
0.001272,0.001555
0.000487,0.000503
0.012029,0.000482
0.003043,0.000003
0.000837,0.004074
0.004361,0.008418
0.007784,0.002530
0.022212,0.000081
0.001952,0.004975
0.002486,0.010309
0.000723,0.001657
0.005905,0.002062
0.001757,0.001739
0.000747,0.005609
0.184632,0.007458
0.002241,0.002679
2.317991,0.276899
0.112708,0.000675
0.009924,0.001181
0.000275,0.008457
0.042722,0.035111
3.540745,0.107198
0.004139,0.001308
0.014254,0.011413
0.009342,0.000000
0.352071,0.000691
0.010734,0.000175
0.005731,0.000000
0.062715,0.073714
0.008050,0.007766
0.128820,0.000425
0.009370,0.003297
0.086884,0.005555
0.048885,0.050465
0.031212,0.004732
2.256673,0.012687
0.009114,0.003037
0.019274,0.004620
0.034885,0.006444
0.051804,0.005469
0.076749,0.004285
0.010064,0.010884
0.093626,0.001515
0.417722,0.002521
0.041308,0.002268
0.003855,0.000155
0.001447,0.000922
0.007287,0.002872
0.008649,0.000000
0.040274,0.017944
0.000078,0.001622
0.000496,0.000000
0.000754,0.000249
0.005981,0.001945
0.002102,0.000173
0.025638,0.016604
0.011535,0.002854
5.054659,0.003594
0.022776,0.011799
0.003327,0.000000
0.008465,0.000534
0.001794,0.005050
0.037782,0.001123
0.003364,0.000000
0.376472,0.000003
0.292780,0.014984
0.082262,0.024566
0.000822,0.000000
0.004026,0.000173
0.015655,0.000541
0.002798,0.000000
0.042846,0.011744
0.001094,0.000072
0.013451,0.019638
0.128915,0.009669
0.003924,0.007854
0.013854,0.001966
0.036547,0.002950
0.004785,0.003171
0.000821,0.002602
0.047846,0.026267
0.001040,0.015628
0.007509,0.001273
0.000512,0.000260
0.026698,0.003809
0.000510,0.001110
0.008117,0.000050
0.004951,0.003713
0.000063,0.002553
0.000094,0.000985
0.000995,0.000417
0.000410,0.001369
0.000296,0.000238
0.016270,0.003737
0.001310,0.000025
0.001719,0.003686
0.000029,0.001578
0.000415,0.003693
0.000211,0.000763
0.002824,0.003295
0.001248,0.009946
0.001138,0.000836
0.001693,0.005209
0.000260,0.000001
0.000210,0.000752
0.000488,0.000016
0.000639,0.000033
0.000162,0.000883
0.001578,0.007257
0.002624,0.000814
0.012993,0.010893
0.000246,0.000952
0.006117,0.005065
0.112983,0.000005
0.000549,0.000180
0.002084,0.000301
0.001041,0.000143
0.000274,0.005127
0.002552,0.008016
0.000056,0.000039
0.000062,0.002480
0.005336,0.000000
0.000635,0.000615
0.000332,0.004162
0.002333,0.000006
4.682170,0.015026
0.001864,0.000192
0.000109,0.000438
0.005648,0.002815
0.004687,0.002804
0.000215,0.010289
0.021612,0.011080
0.013584,0.000097
0.002609,0.000029
0.002443,0.023912
0.000233,0.000000
0.004245,0.000000
0.000830,0.000854
0.005817,0.000935
0.093814,0.005786
0.108281,0.000005
0.006098,0.001204
0.005586,0.003098
0.004326,0.009801
0.066297,0.006328
0.007637,0.000039
0.000876,0.000328
0.000115,0.000062
0.003448,0.000704
0.000175,0.001043
0.002349,0.002227
0.012818,0.000469
0.035201,0.000003
0.033921,0.011981
0.001294,0.000606
2.532768,0.003586
0.005936,0.002808
0.011052,0.002016
0.030904,0.004238
0.015023,0.002788
0.007238,0.007479
0.136383,0.007399
0.005223,0.000520
0.006461,0.002320
0.112208,0.003293
0.043773,0.002496
0.149924,0.003431
0.000935,0.000731
0.002717,0.005686
0.006038,0.005247
0.017127,0.000014
0.127000,0.001304
0.009114,0.000364
0.002735,0.005125
0.002816,0.001805
0.001198,0.003370
0.001085,0.002349
0.050171,0.000453
0.027771,0.008703
0.000972,0.005928
0.402232,0.000004
0.055485,0.014121
0.051204,0.007987
0.013652,0.001346
0.000527,0.000024
0.001853,0.005493
0.007825,0.011427
0.010119,0.000000
0.007914,0.010063
4.747970,0.023075
0.011323,0.000114
0.013979,0.002959
0.017417,0.001128
0.022110,0.007777
0.009062,0.004824
0.006504,0.000683
0.006782,0.000000
0.544792,0.066200
0.017540,0.000008
0.297699,0.010465
0.020703,0.009373
0.009197,0.001839
0.120801,0.004588
0.183491,0.000146
0.102550,0.002433
0.005978,0.002997
0.162707,0.000321
0.003414,0.016944
0.026946,0.000005
0.013177,0.000529
0.137013,0.001204
1.509682,0.066666
0.001084,0.001812
0.007171,0.000000
0.087608,0.013386
0.136898,0.000032
0.658584,0.000482
3.011574,0.002291
0.250633,0.001571
0.281467,0.001091
0.097910,0.000060
0.180288,0.001036
0.008000,0.000476
0.264819,0.003781
0.004437,0.001204
0.093186,0.011831
0.002444,0.002029
0.014794,0.001215
0.012791,0.004093
0.012633,0.000000
0.035808,0.000016
0.142822,0.011997
0.024539,0.000071
0.005028,0.000126
0.002894,0.000003
0.002394,0.011183
0.001491,0.000525
0.003793,0.000000
0.005942,0.001784
0.014105,0.000000
0.013901,0.001724
0.001125,0.000083
0.012287,0.001114
0.001285,0.000944
0.008905,0.001121
4.657175,0.036156
0.002859,0.000221
0.013612,0.006602
5.049352,0.000003
0.002369,0.002403
0.088742,0.015635
0.010712,0.013357
0.159345,0.000157
0.483878,0.023275
0.046257,0.002463
0.438495,0.050077
0.037960,0.003613
0.069198,0.000001
0.104284,0.002672
0.011189,0.000409
0.139652,0.098466
2.493579,0.000052
1.626312,0.002258
0.048009,0.002456
1.223417,0.000950
0.014332,0.004124
0.002231,0.001217
0.003541,0.019896
0.002575,0.003407
0.000734,0.000216
0.010866,0.000094
0.018538,0.003732
0.000815,0.000274
0.000105,0.000035
0.001285,0.002475
0.066190,0.004255
0.000198,0.001264
0.027443,0.000366
0.000000,0.000787
0.000179,0.000637
0.000952,0.001956
0.001165,0.000001
0.000015,0.000373
0.000146,0.000044
0.004086,0.000077
0.000036,0.000420
0.000123,0.001956
0.000006,0.000302
10.969439,0.008950
0.000032,0.001116
8.208034,0.005348
0.000158,0.000807
0.000827,0.002203
0.001120,0.000186
0.001898,0.002315
0.040943,0.003328
0.001632,0.000393
0.012383,0.000013
0.004118,0.000134
0.008881,0.003512
0.002641,0.000073
0.038185,0.005877
0.054748,0.000000
0.028097,0.004816
0.028403,0.018568
0.117339,0.000010
0.102716,0.000020
0.014740,0.000790
0.072354,0.002153
0.010472,0.006605
0.071107,0.003835
0.003495,0.001081
0.296427,0.002097
0.449056,0.006638
0.013850,0.000020
0.001750,0.000000
0.009493,0.000830
0.005455,0.004124
0.038214,0.001031
0.120797,0.002153
0.022773,0.000023
0.007485,0.000006
0.001175,0.000000
0.003279,0.000722
0.004795,0.002899
0.002826,0.003740
0.002072,0.000000
0.001440,0.001907
0.038841,0.004762
0.003779,0.000768
0.009346,0.002497
0.002003,0.000149
0.000966,0.004478
0.004808,0.001104
0.001605,0.000780
0.000386,0.001082
0.049708,0.003988
0.003510,0.000884
0.003931,0.002483
0.004757,0.000000
0.002054,0.003997
0.002011,0.000046
8.514037,0.000021
0.018074,0.001960
0.000681,0.001363
0.007275,0.002006
0.006278,0.002164
0.013680,0.000621
0.075316,0.009139
2.734216,0.216592
0.001497,0.000103
0.032717,0.011106
0.147445,0.009349
0.002085,0.006556
0.020284,0.003343
0.031874,0.003064
0.583254,0.000024
0.013833,0.007170
0.063185,0.000361
0.018204,0.000000
0.014995,0.003519
0.014004,0.000000
0.014431,0.001474
0.016929,0.003604
0.002745,0.002656
0.024125,0.003259
0.006922,0.005127
0.022325,0.000257
3.397964,0.076351
0.022435,0.001347
0.006285,0.001406
0.090836,0.000507
0.004504,0.002850
0.182322,0.000387
0.076191,0.005801
0.009591,0.000337
0.024490,0.000000
2.367154,0.000395
0.005119,0.000146
0.153330,0.001846
0.007063,0.000007
0.005463,0.000750
0.023617,0.005406
0.010365,0.000217
0.001933,0.000002
0.009756,0.014651
0.008803,0.001796
0.011116,0.003702
0.023758,0.006510
1.299155,0.116893
0.002567,0.000030
0.000652,0.001723
0.003207,0.000000
0.002036,0.001620
0.001133,0.000000
0.002024,0.005755
0.007290,0.000004
0.026999,0.004190
0.000667,0.000001
0.003037,0.000661
0.010569,0.000344
0.016190,0.000197
0.020429,0.001985
0.002050,0.000128
0.001312,0.000166
2.501047,0.000531
0.000832,0.000603
0.000556,0.000161
0.001424,0.004532
0.059972,0.000202
0.011368,0.014792
5.008542,0.008736
0.179326,0.049758
0.017122,0.001876
2.083717,0.014394
0.019362,0.001447
0.107863,0.001283
0.219962,0.002640
0.200153,0.012308
0.029108,0.027637
0.022655,0.000777
0.277362,0.004421
0.039202,0.000002
1.088175,0.000180
0.081891,0.030703
1.503720,0.000123
0.567391,0.021744
0.097242,0.000010
0.099492,0.004003
0.141365,0.002633
0.017531,0.010450
1.529907,0.002122
1.687364,0.000000
0.420088,0.000443
0.145221,0.000307
0.141939,0.018092
0.256060,0.021417
0.022123,0.000240
0.016978,0.021900
0.123413,0.004570
0.077230,0.000003
0.078708,0.000947
0.016535,0.006501
0.042373,0.000016
0.009365,0.000000
0.010604,0.000393
0.008114,0.000022
0.061389,0.004409
0.224779,0.000000
0.001795,0.000008
0.012137,0.001638
0.004712,0.000068
0.001974,0.001613
0.000134,0.001160
0.011876,0.000447
0.005207,0.000000
0.011954,0.000506
0.000301,0.000826
0.028521,0.005721
0.000109,0.000273
0.001926,0.000010
0.012112,0.004636
0.000854,0.000035
0.001564,0.000292
0.001594,0.001677
0.001024,0.000856
0.008771,0.000048
0.000590,0.000115
0.002237,0.000072
0.000030,0.000662
0.000522,0.000028
0.001706,0.000860
0.000031,0.000054
0.051358,0.000000
0.004563,0.002691
0.010941,0.002244
0.000429,0.000106
0.001914,0.000053
0.215259,0.004438
0.000181,0.000000
0.000852,0.001157
0.000119,0.002364
0.001076,0.000010
0.000217,0.000132
6.508822,0.065389
0.000573,0.000188
0.004569,0.005343
0.000624,0.000000
0.000276,0.000000
0.000137,0.000112
0.000602,0.000104
0.001157,0.000025
0.001527,0.000602
0.019601,0.000000
0.002577,0.000018
4.790442,0.029605
0.004584,0.000322
0.001206,0.004006
0.018977,0.001995
0.107276,0.001283
0.004219,0.002855
0.209448,0.007106
0.042664,0.001550
0.055170,0.000005
0.301176,0.000010
0.003290,0.000000
0.016895,0.000587
0.003583,0.003306
0.010635,0.000140
0.406572,0.000020
0.057228,0.000049
0.229300,0.000000
0.074881,0.000490
0.014644,0.000090
0.039035,0.000001
0.006983,0.004597
0.001693,0.001054
0.014566,0.003251
0.004860,0.001522
0.001487,0.000001
0.003210,0.000006
0.027757,0.000032
0.013508,0.003779
0.007777,0.000644
0.010811,0.002394
0.001155,0.002179
0.002720,0.001240
0.001564,0.000783
0.006790,0.000000
0.001046,0.000351
0.008626,0.002841
0.000272,0.000054
0.008593,0.000061
0.000022,0.000131
0.012138,0.005062
1.425386,0.008721
0.001488,0.001072
0.002433,0.000214
0.000609,0.000243
0.002551,0.000002
0.044307,0.002300
0.003341,0.000194
0.001159,0.001867
0.011321,0.000000
0.145169,0.007571
0.007317,0.000197
0.002094,0.000006
0.004757,0.004160
0.001493,0.000007
3.928430,0.000000
0.001888,0.002469
0.024193,0.012848
0.022823,0.004819
0.052553,0.000193
0.001597,0.005437
0.087072,0.000307
0.238987,0.000110
0.016947,0.000778
0.078056,0.001596
0.032673,0.000174
0.109662,0.000002
0.026359,0.003829
0.028111,0.000001
0.009364,0.003019
0.083722,0.000093
0.010467,0.001610
0.093360,0.000001
1.889196,0.076891
0.180571,0.000072
0.007197,0.000063
0.007414,0.000110
0.061901,0.001667
0.016332,0.000364
0.008194,0.003025
0.027170,0.002835
0.021867,0.000980
0.016642,0.000074
1.642513,0.026860
0.070325,0.000758
0.209785,0.000162
0.252577,0.000260
0.123692,0.000056
0.589783,0.001993
0.100359,0.000216
0.079618,0.000054
0.012594,0.003888
0.022243,0.003639
1.396991,0.000043
0.009867,0.003056
0.015581,0.000346
0.006646,0.002210
0.026548,0.000258
0.011898,0.002965
2.522324,0.003043
0.001093,0.000002
0.000174,0.000020
0.004546,0.000000
0.025759,0.003840
0.045301,0.000358
0.006997,0.001870
0.015659,0.000379
0.018426,0.000000
0.238996,0.001557
0.001499,0.000001
0.003851,0.000255
0.001275,0.000056
0.000742,0.000991
0.004034,0.000000
0.001248,0.000402
0.027633,0.000065
0.045394,0.000000
0.004430,0.000074
0.007010,0.000028
0.020729,0.000301
0.006642,0.001199
0.001145,0.000000
0.006028,0.000249
0.003142,0.000904
0.005314,0.000085
0.001583,0.002282
0.018018,0.000000
0.000635,0.000167
0.002297,0.002449
0.002341,0.000226
0.036664,0.001911
0.025400,0.001872
0.014020,0.000000
4.427603,0.000791
0.002038,0.001522
0.009559,0.001436
2.592750,0.031264
0.003517,0.000001
0.049847,0.002651
0.005336,0.000008
0.373479,0.001709
0.092921,0.000025
0.034362,0.000024
0.017375,0.000321
0.141565,0.000000
0.043125,0.005165
0.042100,0.000000
0.095043,0.000003
0.045881,0.003709
1.484524,0.001738
0.059128,0.000000
0.023992,0.000405
0.039621,0.000000
0.033559,0.000000
0.241856,0.000000
0.131203,0.000490
4.215022,0.041979
3.363057,0.064630
0.016100,0.000148
0.111334,0.001144
1.574951,0.032448
0.118329,0.000236
0.302629,0.000089
0.012991,0.000000
0.056333,0.005879
0.038478,0.018046
0.347192,0.002877
0.052116,0.000167
0.090034,0.000000
0.229028,0.000040
0.012244,0.000001
0.006424,0.000058
0.010091,0.003025
0.024153,0.011011
0.002818,0.004184
0.014674,0.001889
0.088927,0.001155
0.053552,0.000599
0.046543,0.000067
0.158487,0.000101
0.061253,0.005147
0.002899,0.007848
0.024704,0.002103
0.005202,0.000000
0.208611,0.000074
0.006418,0.003769
0.054066,0.000071
0.038885,0.000268
0.004673,0.000086
0.016829,0.000098
0.067760,0.001564
0.002133,0.000029
0.001117,0.000004
0.000713,0.000000
0.000391,0.000000
0.161765,0.003128
0.053337,0.002941
0.013286,0.000936
0.005882,0.000039
0.009935,0.000817
0.038332,0.000175
0.000359,0.000992
0.000605,0.001005
0.000806,0.000416
0.006498,0.000087
0.000337,0.000000
0.001956,0.001476
0.002328,0.000218
0.002065,0.000193
0.005519,0.000002
0.000052,0.000001
4.073123,0.039554
5.200953,0.000706
2.466928,0.006838
0.271223,0.001015
1.000771,0.035246
0.035978,0.000457
0.007864,0.000683
0.091777,0.000183
0.022815,0.001564
0.248270,0.001142
0.242087,0.002751
0.556805,0.001227
0.163992,0.010748
0.191275,0.000490
1.758723,0.005077
0.200389,0.000003
0.120612,0.001315
0.031219,0.000312
0.434141,0.002030
0.881629,0.000000
0.293149,0.000061
0.008308,0.013757
0.020130,0.000313
0.019296,0.000028
0.015508,0.001135
0.033888,0.000358
0.009011,0.000195
0.001253,0.000131
0.002994,0.003818
0.001554,0.000600
0.003479,0.002029
0.009174,0.000000
0.077316,0.000079
0.001066,0.004111
5.639220,0.073671
0.002096,0.001342
0.001444,0.000831
0.049334,0.000000
0.000704,0.000371
0.001613,0.000304
0.004988,0.001874
0.000812,0.000008
0.011813,0.000372
0.022842,0.000000
0.001571,0.000206
0.003567,0.000022
0.039715,0.000888
0.001878,0.002065
0.006030,0.000037
0.004110,0.000001
5.846686,0.047126
0.013361,0.005347
0.002883,0.004211
0.162642,0.000254
0.002857,0.000363
0.061972,0.016834
0.011445,0.000221
0.009185,0.001135
0.145519,0.000493
0.039653,0.000269
0.078729,0.000000
0.019786,0.002116
0.020478,0.006887
0.031107,0.011890
0.026771,0.000120
0.011302,0.000907
0.106391,0.000236
0.066438,0.002134
0.008623,0.000575
