0.000213,2.378837
0.000125,2.389069
0.000163,2.387037
0.000115,2.391529
0.000133,2.381293
0.000074,2.391423
0.000149,2.377914
0.000109,2.383949
0.000076,2.382998
0.000073,2.388370
0.000105,2.380751
0.000055,2.390821
0.000157,2.382447
0.000053,2.387230
0.000197,2.386700
0.000081,2.385001
0.000082,2.377431
0.000086,2.377442
0.000020,2.390419
0.000093,2.383164
0.000018,2.391895
0.000067,2.386309
0.000029,2.387415
0.000221,2.381670
0.000061,2.389614
0.000036,2.388582
0.000046,2.381253
0.000099,2.384633
0.000048,2.387556
0.000030,2.386707
0.000047,2.384229
0.000028,2.387766
0.000054,2.389987
0.000077,2.381639
0.000026,2.391512
0.000052,2.382875
0.000032,2.388985
0.000037,2.382654
0.000018,2.389069
0.000044,2.382110
0.000052,2.385985
0.000043,2.388062
0.000019,2.382175
0.000052,2.379616
0.000026,2.383633
0.000011,2.388915
0.000025,2.380621
0.000040,2.382849
0.000025,2.387573
0.000023,2.382752
0.000044,2.384756
0.000016,2.388267
0.000021,2.385216
0.000035,2.380795
0.000062,2.391508
0.000021,2.388814
0.000025,2.389194
0.000026,2.390673
0.000006,2.392410
0.000019,2.392183
0.000011,2.390827
0.000011,2.387728
0.000031,2.382390
0.000009,2.388498
0.000038,2.386785
0.000016,2.390743
0.000307,2.378918
0.000031,2.382804
0.000091,2.379521
0.000028,2.389956
0.000029,2.387099
0.000011,2.390512
0.000030,2.380445
0.000043,2.384553
0.000086,2.383173
0.000030,2.388956
0.000013,2.386551
0.000013,2.387625
0.000035,2.391887
0.000015,2.386668
0.000035,2.381271
0.000025,2.389658
0.000018,2.385587
0.000011,2.382567
0.000019,2.385446
0.000024,2.383168
0.000022,2.374250
0.000014,2.387506
0.000016,2.389970
0.000029,2.378591
0.000013,2.388261
0.000020,2.386748
0.000015,2.386885
0.000022,2.386383
0.000016,2.381915
0.000011,2.391185
0.000012,2.387048
0.000025,2.383313
0.000032,2.383956
0.000023,2.379098
0.000052,2.386064
0.000017,2.389773
0.000017,2.385755
0.000051,2.385739
0.000018,2.380085
0.000018,2.380919
0.000010,2.386554
0.000015,2.384509
0.000006,2.391480
0.000032,2.383247
0.000034,2.380092
0.000020,2.389401
0.000092,2.382183
0.000030,2.390516
0.000016,2.387046
0.000019,2.387230
0.000008,2.387243
0.000021,2.382437
0.000021,2.379495
0.000014,2.384254
0.000013,2.392051
0.000013,2.377846
0.000025,2.387510
0.000053,2.380593
0.000009,2.384159
0.000014,2.387645
0.000009,2.387969
0.000009,2.382258
0.000006,2.391271
0.000015,2.378068
0.000016,2.388008
0.000011,2.386615
0.000006,2.390328
0.000015,2.381615
0.000012,2.387490
0.000013,2.378510
0.000006,2.386375
0.000036,2.385497
0.000009,2.383521
0.000009,2.388774
0.000012,2.389061
0.000012,2.386965
0.000011,2.381010
0.000008,2.387957
0.000007,2.389086
0.000004,2.391454
0.000011,2.385182
0.000016,2.388387
0.000012,2.383208
0.000012,2.386828
0.000008,2.382364
0.000007,2.386848
0.000012,2.383112
0.000008,2.382699
0.000010,2.384738
0.000019,2.381965
0.000007,2.388494
0.000003,2.391142
0.000023,2.387420
0.000017,2.386684
0.000006,2.383662
0.000036,2.381763
0.000012,2.385751
0.000004,2.390944
0.000021,2.383819
0.000004,2.390410
0.000003,2.391851
0.000021,2.389781
0.000007,2.385870
0.000009,2.386330
0.000007,2.384909
0.000016,2.389579
0.000077,2.375565
0.000012,2.391922
0.000005,2.391122
0.000007,2.385343
0.000012,2.384543
0.000008,2.387359
0.000008,2.385755
0.000011,2.380030
0.000010,2.387373
0.000014,2.389363
0.000016,2.385160
0.000017,2.386360
0.000004,2.392521
0.000017,2.387824
0.000012,2.389233
0.000010,2.383763
0.000004,2.384097
0.000005,2.386112
0.000011,2.388998
0.000018,2.377729
0.000012,2.380602
0.000011,2.389795
0.000006,2.390717
0.000034,2.377182
0.000018,2.383720
0.000008,2.381552
0.000014,2.389066
0.000005,2.385499
0.000092,2.378025
0.000007,2.392337
0.000037,2.384802
0.000018,2.386571
0.000009,2.387338
0.000015,2.381413
0.000010,2.378763
0.000006,2.387350
0.000005,2.390073
0.000012,2.387270
0.000015,2.387245
0.000011,2.381957
0.000014,2.380459
0.000006,2.386544
0.000020,2.390970
0.000043,2.372140
0.000079,2.377508
0.000062,2.379652
0.000039,2.386785
0.000051,2.379601
0.000020,2.387038
0.000027,2.391734
0.000021,2.385902
0.000039,2.379187
0.000025,2.382890
0.000034,2.379701
0.000013,2.393189
0.000028,2.386281
0.000034,2.382552
0.000023,2.387908
0.000026,2.382818
0.000017,2.382668
0.000019,2.382633
0.000018,2.382607
0.000015,2.384276
0.000013,2.388845
0.000022,2.386471
0.000015,2.382623
0.000009,2.389371
0.000012,2.385783
0.000012,2.387999
0.000008,2.386498
0.000010,2.381569
0.000012,2.383573
0.000027,2.383412
0.000008,2.389308
0.000009,2.386625
0.000022,2.382567
0.000007,2.388397
0.000007,2.389863
0.000004,2.392690
0.000012,2.384728
0.000003,2.390705
0.000011,2.386923
0.000009,2.387384
0.000017,2.378578
0.000007,2.383179
0.000020,2.388685
0.000007,2.388997
0.000008,2.385907
0.000008,2.388894
0.000009,2.388249
0.000033,2.383763
0.000056,2.371813
0.000004,2.391969
0.000015,2.382531
0.000004,2.392936
0.000004,2.388875
0.000004,2.388201
0.000006,2.390020
0.000004,2.389201
0.000011,2.382702
0.000004,2.391110
0.000005,2.387235
0.000023,2.387288
0.000011,2.384774
0.000003,2.391437
0.000019,2.378865
0.000011,2.376361
0.000003,2.392517
0.000015,2.385067
0.000004,2.387671
0.000006,2.384183
0.000003,2.388647
0.000003,2.393309
0.000007,2.389859
0.000015,2.384366
0.000016,2.379940
0.000004,2.390034
0.000019,2.385808
0.000018,2.378745
0.000009,2.383806
0.000006,2.387465
0.000010,2.379585
0.000005,2.385574
0.000003,2.387108
0.000011,2.381240
0.000005,2.391430
0.000006,2.384681
0.000002,2.389275
0.000006,2.386932
0.000007,2.385679
0.000009,2.385821
0.000005,2.383647
0.000013,2.380986
0.000006,2.385945
0.000009,2.385443
0.000004,2.388459
0.000014,2.367366
0.000009,2.389947
0.000007,2.385188
0.000005,2.389844
0.000007,2.377471
0.000003,2.390308
0.000008,2.386165
0.000008,2.384856
0.000006,2.390769
0.000006,2.384701
0.000003,2.387733
0.000006,2.386717
0.000011,2.382607
0.000004,2.390499
0.000004,2.388804
0.000034,2.382753
0.000005,2.385332
0.000006,2.387684
0.000003,2.384956
0.000004,2.391220
0.000013,2.385605
0.000007,2.383585
0.000018,2.384053
0.000003,2.388320
0.001324,2.357226
0.000005,2.391273
0.000002,2.393285
0.000009,2.385273
0.000167,2.375676
0.000001,2.387464
0.000044,2.378979
0.000003,2.388555
0.000002,2.389213
0.000004,2.382754
0.000013,2.388546
0.000212,2.383298
0.000001,2.390021
0.000013,2.388243
0.000006,2.383388
0.000001,2.389496
0.000033,2.382864
0.000001,2.390673
0.000145,2.375911
0.000001,2.383239
0.000009,2.385056
0.000001,2.382699
0.000001,2.384237
0.000004,2.385045
0.000004,2.384525
0.000001,2.385850
0.000005,2.383381
0.000094,2.380636
0.000001,2.386535
0.000002,2.388827
0.000002,2.385349
0.000002,2.384106
0.000001,2.390682
0.000040,2.385993
0.000001,2.387476
0.000020,2.383852
0.000001,2.388625
0.000011,2.389051
0.000049,2.378160
0.000032,2.378728
0.000026,2.383543
0.000004,2.385749
0.000001,2.385246
0.000008,2.387541
0.000002,2.382411
0.000011,2.385177
0.000002,2.385655
0.000007,2.382919
0.000023,2.381453
0.000001,2.388299
0.000075,2.373483
0.000005,2.388092
0.000008,2.383865
0.000003,2.382036
0.000006,2.389252
0.000007,2.386043
0.000004,2.383548
0.000011,2.386739
0.000005,2.389093
0.000004,2.385647
0.000002,2.385376
0.000003,2.386703
0.000003,2.383729
0.000002,2.385911
0.000020,2.386535
0.000010,2.388831
0.000005,2.383415
0.000019,2.382034
0.000007,2.381298
0.000002,2.384566
0.000005,2.385467
0.000002,2.385375
0.000005,2.387583
0.000006,2.384659
0.000004,2.386771
0.000005,2.382388
0.000008,2.381149
0.000005,2.389297
0.000009,2.386689
0.000004,2.381121
0.000007,2.384138
0.000008,2.376803
0.000004,2.382398
0.000007,2.382627
0.000045,2.377403
0.000035,2.384093
0.000006,2.385840
0.000005,2.385520
0.000008,2.389850
0.000008,2.390898
0.000007,2.387064
0.000008,2.386781
0.000011,2.385925
0.000006,2.390178
0.000003,2.385567
0.000001,2.392123
0.000001,2.385916
0.000001,2.388178
0.000001,2.389234
0.000001,2.386801
0.000006,2.390399
