0.000213,0.978982
0.000057,0.992262
0.000151,0.990804
0.000156,0.993980
0.000074,0.988170
0.000008,0.994387
0.000021,0.986581
0.000012,0.989552
0.000008,0.989639
0.000013,0.991716
0.000026,0.985533
0.000007,0.994409
0.000032,0.985077
0.000007,0.991066
0.000034,0.988061
0.000011,0.986621
0.000015,0.978816
0.000008,0.980880
0.000004,0.992311
0.000006,0.985256
0.000003,0.993194
0.000004,0.989344
0.000005,0.989652
0.000021,0.980955
0.000004,0.991979
0.000004,0.990878
0.000005,0.984091
0.000006,0.986180
0.000005,0.988092
0.000004,0.988437
0.000004,0.983304
0.000003,0.988393
0.000003,0.990857
0.000004,0.983085
0.000002,0.990775
0.000003,0.984979
0.000003,0.991401
0.000004,0.983115
0.000002,0.990942
0.000004,0.979579
0.000005,0.984323
0.000003,0.988660
0.000002,0.981840
0.000005,0.981833
0.000002,0.985834
0.000001,0.990074
0.000004,0.979361
0.000004,0.983867
0.000003,0.985827
0.000003,0.984072
0.000004,0.985164
0.000002,0.989573
0.000002,0.985548
0.000004,0.980520
0.000017,0.987928
0.000003,0.986942
0.000003,0.984373
0.000005,0.986084
0.000001,0.987598
0.000003,0.984741
0.000002,0.987921
0.000003,0.983792
0.000005,0.980339
0.000002,0.982231
0.000008,0.980812
0.000004,0.982234
0.000236,0.974299
0.000006,0.972142
0.000022,0.971882
0.000014,0.977739
0.000011,0.978432
0.000029,0.968872
0.000057,0.954773
0.000040,0.967850
0.000041,0.961572
0.000021,0.965425
0.000014,0.964377
0.000010,0.967493
0.000009,0.975615
0.000006,0.963756
0.000007,0.958958
0.000006,0.966987
0.000004,0.961910
0.000002,0.966202
0.000003,0.962445
0.000009,0.970403
0.000004,0.957868
0.000004,0.966709
0.000004,0.976301
0.000002,0.956985
0.000001,0.961082
0.000009,0.959593
0.000002,0.967487
0.000004,0.954146
0.000001,0.954147
0.000004,0.952449
0.000014,0.949134
0.000010,0.958798
0.000030,0.944270
0.000011,0.958866
0.000030,0.950405
0.000014,0.942254
0.000015,0.943123
0.000015,0.953404
0.000015,0.928807
0.000018,0.937279
0.000017,0.941170
0.000023,0.917180
0.000016,0.905625
0.000038,0.918397
0.000064,0.927477
0.000011,0.924728
0.000047,0.933635
0.000022,0.927349
0.000023,0.936234
0.000030,0.935909
0.000011,0.923797
0.000039,0.878312
0.000023,0.884876
0.000068,0.897999
0.000105,0.923118
0.000020,0.924308
0.000024,0.914091
0.000096,0.936127
0.000028,0.910856
0.000051,0.918029
0.000042,0.925039
0.000015,0.909890
0.000013,0.912080
0.000025,0.887477
0.000048,0.910015
0.000007,0.925982
0.000005,0.920651
0.000073,0.915167
0.000017,0.919058
0.000007,0.893477
0.000006,0.902433
0.000077,0.930525
0.000011,0.878835
0.000031,0.891024
0.000067,0.885855
0.000033,0.872672
0.000133,0.865012
0.000016,0.897679
0.000024,0.893436
0.000005,0.844525
0.000141,0.854582
0.000391,0.883745
0.000092,0.795465
0.000114,0.860354
0.000365,0.770335
0.000131,0.724822
0.000054,0.768176
0.000078,0.791552
0.000025,0.860994
0.000051,0.739169
0.000007,0.691598
0.000001,0.768590
0.001402,0.828165
0.000136,0.756330
0.000029,0.621850
0.000274,0.489608
0.005057,0.466874
0.000145,0.458109
0.001124,0.663367
0.000022,0.635803
0.000003,0.677597
0.022263,0.672568
0.000365,0.547742
0.000331,0.558739
0.000209,0.524414
0.000521,0.370518
0.001310,0.325875
0.013138,0.163122
0.002196,0.119892
0.002049,0.086921
0.000449,0.218101
0.003851,0.298423
0.003219,0.198531
0.070659,0.072634
0.009182,0.074952
0.002495,0.000753
0.015680,0.037005
0.059271,0.118870
0.010112,0.009285
0.001902,0.129041
0.001804,0.073344
0.006488,0.150475
0.000092,0.094213
0.000043,0.167175
0.081810,0.262580
0.007391,0.048858
0.000935,0.000187
0.000965,0.033887
0.008496,0.062024
0.021607,0.061521
0.006272,0.000240
0.002999,0.001575
0.005495,0.107730
0.011172,0.028635
0.004288,0.002267
0.000373,0.000161
0.011455,0.031061
0.000476,0.227634
0.000213,0.000050
0.001497,0.000883
0.000716,0.035056
0.000293,0.123014
0.000343,0.087715
0.000165,0.147757
0.001312,0.017927
0.000133,0.206481
0.002001,0.136670
0.000309,0.000372
0.000542,0.488379
0.000241,0.791872
0.004154,0.931850
0.006835,0.831832
0.000925,0.797552
0.001707,0.513642
0.001985,0.586224
0.001328,0.879713
0.000234,0.462419
0.000843,0.699330
0.000592,0.598566
0.009243,0.697352
0.002642,0.871215
0.003736,0.797723
0.013051,0.590289
0.009495,0.956644
0.000602,0.958640
0.003590,0.682780
0.029659,0.381808
0.272978,0.557404
0.016273,0.396175
0.041332,0.394079
0.430586,0.003134
0.068148,0.725351
0.058008,0.749520
0.070486,0.836339
0.514953,0.850108
0.086966,0.845879
0.004817,0.572961
0.049340,0.553315
0.093207,0.868574
0.015611,0.810450
0.089552,0.911951
0.053435,0.834722
0.053725,0.917112
0.015033,0.564685
0.008998,0.770759
0.006871,0.716770
0.000985,0.944600
0.003398,0.743878
0.003308,0.730847
0.017704,0.676989
0.001501,0.946869
0.101576,0.772715
0.014506,0.929101
0.024013,0.550622
0.032360,0.459584
0.032397,0.705219
0.496108,0.719433
0.157851,0.561287
0.023357,0.903751
0.031817,0.718147
0.046212,0.700184
0.109510,0.604896
0.010207,0.910397
0.008337,0.909625
0.003575,0.921669
0.273032,0.914286
0.005297,0.779766
0.057332,0.925037
0.055082,0.827213
0.592093,0.848964
0.021931,0.853322
0.311020,0.621343
0.430966,0.166096
0.385978,0.276594
0.370156,0.696043
0.003109,0.881697
0.276044,0.789560
0.000203,0.851398
0.489704,0.710002
0.914502,0.707319
0.987435,0.576210
0.153479,0.501960
0.036592,0.454713
0.372740,0.080865
0.485037,0.267408
0.814542,0.119073
1.110362,0.110695
0.334062,0.367358
0.077570,0.309841
0.029076,0.701742
0.288468,0.213021
1.248976,0.564839
0.037656,0.258675
0.123014,0.597220
0.226947,0.271998
0.370231,0.160697
1.013702,0.337627
0.222357,0.396369
0.583076,0.210523
0.245233,0.135300
0.348450,0.228269
0.044718,0.289335
0.008844,0.033158
0.684484,0.581117
0.533782,0.466282
0.430923,0.330105
0.334542,0.169039
0.055458,0.189556
0.259912,0.005607
0.703178,0.062896
0.585427,0.041169
0.206056,0.061263
0.029839,0.358217
0.060705,0.319983
0.185207,0.215428
0.441540,0.464681
0.018095,0.287092
1.520225,0.375651
0.052508,0.165601
0.286514,0.244632
0.059084,0.143366
0.357966,0.202313
0.431365,0.037124
0.445003,0.009555
1.321082,0.057808
0.063119,0.046643
0.930690,0.062206
0.069749,0.284277
0.138093,0.069306
0.243546,0.129026
0.902957,0.013778
0.091199,0.243281
0.748494,0.077219
0.142801,0.006299
0.167066,0.090595
0.283269,0.078379
0.165305,0.169022
0.937082,0.065175
0.011755,0.240982
0.119315,0.189744
0.178361,0.006410
0.039119,0.061598
0.481888,0.000023
0.115150,0.026477
0.253961,0.077932
0.026032,0.029454
0.151161,0.066062
0.010567,0.037119
0.017566,0.119750
0.421919,0.002708
0.188793,0.084880
0.003377,0.015121
0.325112,0.080457
0.429746,0.049440
0.017489,0.014400
0.083855,0.000271
0.339638,0.043981
0.075094,0.016453
0.094328,0.025976
0.304927,0.011023
0.007338,0.020809
0.494174,0.104706
0.002930,0.140080
0.705850,0.226450
0.388789,0.000044
0.106847,0.028076
0.310052,0.005036
0.257281,0.000443
0.105584,0.002159
0.538954,0.028350
0.094062,0.022331
0.059097,0.018801
0.058053,0.065312
0.050830,0.092288
0.256379,0.075076
0.008741,0.317553
0.083856,0.098587
0.239103,0.174367
0.310663,0.083008
0.013908,0.226288
0.040703,0.039797
0.079672,0.013280
0.087413,0.023384
0.146328,0.017154
0.021294,0.000582
0.037919,0.007248
0.047690,0.000174
0.234083,0.001685
0.040466,0.011932
0.011058,0.000003
0.310738,0.000851
0.196197,0.015975
0.024110,0.046949
0.391160,0.000001
0.136065,0.001694
0.039645,0.028893
0.025290,0.005551
0.090320,0.000711
0.325681,0.004062
0.064041,0.033041
0.093221,0.004721
0.083313,0.025847
0.075741,0.027399
0.054480,0.067957
0.016352,0.009474
0.021790,0.000020
0.056275,0.008191
0.008197,0.088143
0.003179,0.233021
0.009056,0.068233
1.095033,0.005213
0.382366,0.216119
0.063609,0.000864
0.446834,0.035675
0.004697,0.787938
0.075325,0.815276
0.002564,0.859847
0.046969,0.626839
0.114917,0.689424
0.016226,0.454018
0.056227,0.058424
0.024120,0.131626
0.017926,0.000273
0.007472,0.012235
0.004211,0.007864
0.004061,0.108642
0.077937,0.229988
