0.000213,0.989435
0.000125,0.995147
0.000163,0.994021
0.000115,0.996500
0.000133,0.990857
0.000074,0.996441
0.000149,0.988998
0.000109,0.992313
0.000076,0.991797
0.000073,0.994750
0.000105,0.990577
0.000055,0.996083
0.000157,0.991452
0.000053,0.994134
0.000197,0.993766
0.000081,0.992880
0.000082,0.988652
0.000085,0.988709
0.000020,0.995888
0.000093,0.991882
0.000018,0.996703
0.000067,0.993596
0.000029,0.994243
0.000220,0.991058
0.000061,0.995447
0.000036,0.994861
0.000046,0.990809
0.000099,0.992701
0.000048,0.994348
0.000030,0.993825
0.000047,0.992469
0.000028,0.994428
0.000054,0.995652
0.000076,0.991040
0.000026,0.996497
0.000052,0.991721
0.000032,0.995101
0.000037,0.991601
0.000018,0.995149
0.000044,0.991314
0.000052,0.993412
0.000043,0.994572
0.000019,0.991305
0.000052,0.989935
0.000026,0.992157
0.000011,0.995034
0.000024,0.990460
0.000040,0.991686
0.000025,0.994327
0.000023,0.991685
0.000044,0.992764
0.000016,0.994697
0.000021,0.993005
0.000035,0.990593
0.000061,0.996492
0.000021,0.995009
0.000025,0.995219
0.000026,0.996034
0.000006,0.996989
0.000018,0.996867
0.000011,0.996120
0.000011,0.994412
0.000031,0.991453
0.000009,0.994835
0.000038,0.993891
0.000016,0.996065
0.000306,0.989524
0.000031,0.991644
0.000091,0.989788
0.000027,0.995653
0.000029,0.994069
0.000011,0.995937
0.000030,0.990368
0.000043,0.992591
0.000086,0.991894
0.000030,0.995057
0.000013,0.993753
0.000013,0.994343
0.000035,0.996703
0.000015,0.993813
0.000035,0.990889
0.000025,0.995468
0.000018,0.993185
0.000011,0.991544
0.000019,0.993146
0.000024,0.991851
0.000022,0.986958
0.000014,0.994300
0.000016,0.995619
0.000029,0.989348
0.000013,0.994702
0.000020,0.993850
0.000015,0.993928
0.000022,0.993649
0.000016,0.991161
0.000011,0.996311
0.000012,0.994039
0.000025,0.991975
0.000032,0.992323
0.000023,0.989676
0.000052,0.993450
0.000017,0.995530
0.000017,0.993316
0.000051,0.993304
0.000018,0.990214
0.000018,0.990602
0.000010,0.993737
0.000015,0.992613
0.000006,0.996480
0.000032,0.991921
0.000034,0.990173
0.000020,0.995352
0.000093,0.991310
0.000030,0.995952
0.000016,0.994034
0.000019,0.994133
0.000008,0.994145
0.000021,0.991443
0.000022,0.989807
0.000014,0.992493
0.000014,0.996785
0.000013,0.988918
0.000025,0.994250
0.000053,0.990463
0.000009,0.992447
0.000014,0.994362
0.000009,0.994547
0.000009,0.991373
0.000006,0.996355
0.000015,0.989059
0.000016,0.994550
0.000011,0.993772
0.000006,0.995835
0.000015,0.990977
0.000012,0.994267
0.000013,0.989258
0.000006,0.993637
0.000036,0.993178
0.000009,0.992079
0.000009,0.994980
0.000012,0.995144
0.000012,0.993967
0.000011,0.990656
0.000008,0.994542
0.000007,0.995161
0.000004,0.996449
0.000011,0.992973
0.000016,0.994769
0.000012,0.991911
0.000012,0.993896
0.000008,0.991414
0.000007,0.993917
0.000012,0.991841
0.000008,0.991621
0.000010,0.992754
0.000019,0.991216
0.000007,0.994837
0.000003,0.996289
0.000023,0.994230
0.000017,0.993797
0.000006,0.992153
0.000037,0.991111
0.000012,0.993301
0.000004,0.996162
0.000021,0.992223
0.000004,0.995874
0.000003,0.996659
0.000021,0.995521
0.000007,0.993391
0.000009,0.993629
0.000007,0.992847
0.000016,0.995440
0.000078,0.987613
0.000012,0.996735
0.000005,0.996261
0.000007,0.993067
0.000012,0.992669
0.000008,0.994211
0.000008,0.993228
0.000011,0.990147
0.000010,0.994195
0.000014,0.995324
0.000016,0.992959
0.000017,0.993651
0.000004,0.997060
0.000017,0.994467
0.000012,0.995203
0.000010,0.992189
0.000004,0.992403
0.000005,0.993502
0.000012,0.995092
0.000018,0.988875
0.000012,0.990435
0.000011,0.995546
0.000006,0.996075
0.000034,0.988514
0.000018,0.992162
0.000008,0.990938
0.000014,0.995145
0.000005,0.993193
0.000093,0.988927
0.000007,0.996963
0.000038,0.992790
0.000018,0.993806
0.000009,0.994205
0.000015,0.990880
0.000010,0.989403
0.000006,0.994176
0.000005,0.995701
0.000013,0.994146
0.000015,0.994113
0.000011,0.991229
0.000014,0.990371
0.000006,0.993774
0.000020,0.996221
0.000043,0.985466
0.000079,0.988723
0.000063,0.989908
0.000039,0.993891
0.000052,0.989909
0.000020,0.994075
0.000027,0.996635
0.000021,0.993403
0.000039,0.989664
0.000026,0.991716
0.000034,0.989934
0.000013,0.997457
0.000028,0.993612
0.000035,0.991536
0.000023,0.994516
0.000026,0.991678
0.000017,0.991526
0.000019,0.991576
0.000018,0.991623
0.000015,0.992462
0.000013,0.995034
0.000022,0.993704
0.000015,0.991625
0.000009,0.995337
0.000012,0.993324
0.000012,0.994561
0.000008,0.993709
0.000010,0.990953
0.000012,0.992136
0.000028,0.991994
0.000008,0.995284
0.000009,0.993744
0.000022,0.991510
0.000007,0.994756
0.000007,0.995610
0.000004,0.997144
0.000012,0.992734
0.000003,0.996047
0.000011,0.993952
0.000009,0.994161
0.000017,0.989324
0.000007,0.991848
0.000020,0.994923
0.000007,0.995094
0.000008,0.993342
0.000008,0.995045
0.000009,0.994731
0.000033,0.992042
0.000057,0.985385
0.000004,0.996737
0.000015,0.991541
0.000004,0.997281
0.000004,0.995037
0.000004,0.994654
0.000006,0.995681
0.000004,0.995218
0.000011,0.991616
0.000004,0.996271
0.000005,0.994106
0.000024,0.994162
0.000011,0.992761
0.000003,0.996458
0.000019,0.989510
0.000011,0.988117
0.000003,0.997075
0.000015,0.992915
0.000004,0.994423
0.000006,0.992435
0.000003,0.994906
0.000003,0.997488
0.000007,0.995563
0.000015,0.992545
0.000016,0.990078
0.000004,0.995711
0.000019,0.993272
0.000018,0.989470
0.000010,0.992207
0.000006,0.994265
0.000010,0.989807
0.000005,0.993248
0.000004,0.994044
0.000012,0.990831
0.000005,0.996483
0.000006,0.992700
0.000002,0.995280
0.000006,0.994060
0.000007,0.993285
0.000009,0.993405
0.000005,0.992130
0.000013,0.990534
0.000006,0.993425
0.000009,0.993058
0.000004,0.994813
0.000014,0.983118
0.000009,0.995651
0.000007,0.993042
0.000005,0.995575
0.000007,0.988720
0.000003,0.995856
0.000008,0.993498
0.000008,0.992841
0.000006,0.996078
0.000006,0.992780
0.000003,0.994474
0.000006,0.993836
0.000011,0.991574
0.000004,0.995984
0.000004,0.995041
0.000034,0.991539
0.000005,0.993095
0.000006,0.994370
0.000003,0.992892
0.000004,0.996339
0.000013,0.993244
0.000007,0.992127
0.000018,0.992257
0.000003,0.994758
0.001328,0.975655
0.000005,0.996382
0.000002,0.997502
0.000009,0.993073
0.000169,0.987624
0.000001,0.994282
0.000045,0.989464
0.000003,0.994874
0.000002,0.995247
0.000004,0.991637
0.000013,0.994877
0.000216,0.991924
0.000001,0.995684
0.000013,0.994729
0.000006,0.992042
0.000001,0.995441
0.000033,0.991740
0.000001,0.996067
0.000146,0.987515
0.000001,0.991899
0.000009,0.992951
0.000001,0.991654
0.000001,0.992553
0.000004,0.992972
0.000004,0.992655
0.000001,0.993379
0.000005,0.992105
0.000094,0.990305
0.000001,0.993767
0.000002,0.995076
0.000002,0.993081
0.000002,0.992465
0.000001,0.996093
0.000040,0.993483
0.000001,0.994306
0.000020,0.992239
0.000001,0.995000
0.000011,0.995172
0.000049,0.988968
0.000031,0.989489
0.000026,0.992132
0.000004,0.993271
0.000001,0.993021
0.000008,0.994336
0.000002,0.991450
0.000011,0.993006
0.000002,0.993254
0.000007,0.991786
0.000023,0.990796
0.000001,0.994804
0.000076,0.986317
0.000005,0.994693
0.000008,0.992245
0.000003,0.991318
0.000006,0.995256
0.000007,0.993489
0.000004,0.992160
0.000012,0.993961
0.000005,0.995217
0.000004,0.993385
0.000002,0.993201
0.000003,0.993868
0.000003,0.992339
0.000002,0.993475
0.000020,0.993845
0.000010,0.995091
0.000005,0.992139
0.000019,0.991358
0.000007,0.991021
0.000002,0.992803
0.000005,0.993245
0.000002,0.993174
0.000005,0.994398
0.000006,0.992769
0.000004,0.994013
0.000005,0.991586
0.000008,0.990927
0.000005,0.995242
0.000009,0.993915
0.000004,0.990771
0.000007,0.992364
0.000008,0.988458
0.000004,0.991600
0.000007,0.991604
0.000045,0.988675
0.000035,0.992383
0.000006,0.993431
0.000005,0.993205
0.000008,0.995587
0.000008,0.996194
0.000007,0.994091
0.000008,0.993915
0.000011,0.993394
0.000006,0.995752
0.000003,0.993202
0.000001,0.996816
0.000001,0.993519
0.000001,0.994727
0.000001,0.995237
0.000001,0.993962
0.000006,0.995901
