0.000213,0.989435
0.000125,0.995147
0.000163,0.994023
0.000115,0.996498
0.000133,0.990855
0.000074,0.996442
0.000149,0.988997
0.000109,0.992312
0.000076,0.991797
0.000073,0.994749
0.000105,0.990574
0.000055,0.996114
0.000157,0.991453
0.000053,0.994134
0.000197,0.993802
0.000081,0.992880
0.000082,0.988656
0.000086,0.988709
0.000020,0.995889
0.000093,0.991879
0.000018,0.996701
0.000067,0.993595
0.000029,0.994240
0.000221,0.991053
0.000061,0.995445
0.000036,0.994868
0.000046,0.990808
0.000099,0.992702
0.000048,0.994312
0.000030,0.993820
0.000047,0.992471
0.000028,0.994426
0.000054,0.995651
0.000077,0.991033
0.000026,0.996490
0.000052,0.991721
0.000032,0.995099
0.000037,0.991596
0.000018,0.995148
0.000044,0.991306
0.000052,0.993413
0.000043,0.994571
0.000019,0.991300
0.000052,0.989930
0.000026,0.992149
0.000011,0.995044
0.000025,0.990463
0.000040,0.991689
0.000025,0.994325
0.000023,0.991678
0.000044,0.992764
0.000016,0.994688
0.000021,0.992994
0.000035,0.990587
0.000062,0.996488
0.000021,0.995005
0.000025,0.995219
0.000026,0.996030
0.000006,0.996984
0.000019,0.996857
0.000011,0.996112
0.000011,0.994399
0.000031,0.991444
0.000009,0.994831
0.000038,0.993883
0.000016,0.996061
0.000307,0.989520
0.000031,0.991662
0.000091,0.989871
0.000028,0.995639
0.000029,0.994060
0.000011,0.995930
0.000030,0.990364
0.000043,0.992640
0.000086,0.991896
0.000030,0.995087
0.000013,0.993746
0.000013,0.994341
0.000035,0.996697
0.000015,0.993816
0.000035,0.990845
0.000025,0.995465
0.000018,0.993206
0.000011,0.991543
0.000019,0.993149
0.000024,0.991846
0.000022,0.986959
0.000014,0.994286
0.000016,0.995634
0.000029,0.989344
0.000013,0.994698
0.000020,0.993842
0.000015,0.993941
0.000022,0.993647
0.000016,0.991161
0.000011,0.996311
0.000012,0.994027
0.000025,0.991974
0.000032,0.992320
0.000023,0.989658
0.000052,0.993446
0.000017,0.995532
0.000017,0.993317
0.000051,0.993290
0.000018,0.990211
0.000018,0.990592
0.000010,0.993738
0.000015,0.992609
0.000006,0.996478
0.000031,0.991907
0.000034,0.990161
0.000020,0.995329
0.000092,0.991308
0.000030,0.995945
0.000016,0.994023
0.000019,0.994131
0.000008,0.994144
0.000021,0.991440
0.000021,0.989805
0.000014,0.992486
0.000013,0.996786
0.000013,0.988915
0.000025,0.994273
0.000053,0.990448
0.000009,0.992441
0.000014,0.994355
0.000009,0.994545
0.000009,0.991372
0.000006,0.996359
0.000015,0.989037
0.000016,0.994557
0.000011,0.993769
0.000006,0.995834
0.000015,0.990978
0.000012,0.994244
0.000013,0.989257
0.000006,0.993658
0.000036,0.993170
0.000009,0.992071
0.000009,0.994981
0.000012,0.995147
0.000012,0.993972
0.000011,0.990689
0.000008,0.994538
0.000007,0.995151
0.000004,0.996459
0.000011,0.992958
0.000016,0.994764
0.000012,0.991895
0.000012,0.993899
0.000008,0.991443
0.000007,0.993918
0.000012,0.991872
0.000008,0.991615
0.000010,0.992743
0.000019,0.991222
0.000007,0.994828
0.000003,0.996288
0.000023,0.994238
0.000017,0.993800
0.000006,0.992159
0.000036,0.991116
0.000012,0.993304
0.000004,0.996175
0.000021,0.992218
0.000004,0.995884
0.000003,0.996673
0.000021,0.995531
0.000007,0.993380
0.000009,0.993629
0.000007,0.992824
0.000016,0.995429
0.000077,0.987608
0.000012,0.996721
0.000005,0.996276
0.000007,0.993072
0.000012,0.992661
0.000008,0.994188
0.000008,0.993314
0.000011,0.990158
0.000010,0.994204
0.000014,0.995303
0.000016,0.992965
0.000017,0.993647
0.000004,0.997045
0.000017,0.994462
0.000012,0.995238
0.000010,0.992201
0.000004,0.992393
0.000005,0.993505
0.000011,0.995083
0.000018,0.988908
0.000012,0.990452
0.000011,0.995531
0.000005,0.996052
0.000034,0.988523
0.000018,0.992157
0.000008,0.990979
0.000014,0.995140
0.000005,0.993173
0.000092,0.988957
0.000007,0.996949
0.000037,0.992777
0.000018,0.993771
0.000009,0.994194
0.000015,0.990906
0.000010,0.989406
0.000006,0.994203
0.000005,0.995703
0.000012,0.994146
0.000015,0.994119
0.000011,0.991234
0.000014,0.990389
0.000006,0.993760
0.000020,0.996195
0.000043,0.985475
0.000079,0.988751
0.000062,0.989890
0.000039,0.993896
0.000051,0.989906
0.000020,0.994023
0.000027,0.996622
0.000021,0.993394
0.000039,0.989670
0.000025,0.991713
0.000034,0.989950
0.000013,0.997407
0.000028,0.993594
0.000034,0.991501
0.000023,0.994509
0.000026,0.991710
0.000017,0.991542
0.000019,0.991574
0.000018,0.991594
0.000015,0.992507
0.000013,0.995026
0.000022,0.993703
0.000015,0.991599
0.000009,0.995314
0.000012,0.993309
0.000012,0.994556
0.000008,0.993731
0.000010,0.990984
0.000012,0.992117
0.000027,0.991993
0.000008,0.995279
0.000009,0.993757
0.000022,0.991497
0.000007,0.994766
0.000007,0.995577
0.000004,0.997141
0.000012,0.992745
0.000003,0.996046
0.000011,0.993952
0.000009,0.994195
0.000017,0.989333
0.000007,0.991885
0.000020,0.994922
0.000007,0.995105
0.000008,0.993351
0.000008,0.995057
0.000009,0.994700
0.000033,0.992075
0.000056,0.985410
0.000004,0.996738
0.000015,0.991538
0.000004,0.997275
0.000004,0.995038
0.000004,0.994672
0.000006,0.995672
0.000004,0.995229
0.000011,0.991590
0.000004,0.996209
0.000005,0.994140
0.000023,0.994146
0.000011,0.992776
0.000003,0.996450
0.000019,0.989522
0.000011,0.988166
0.000003,0.997046
0.000015,0.992914
0.000004,0.994366
0.000006,0.992402
0.000003,0.994915
0.000003,0.997468
0.000007,0.995580
0.000015,0.992547
0.000016,0.990082
0.000004,0.995683
0.000019,0.993272
0.000018,0.989450
0.000009,0.992218
0.000006,0.994270
0.000010,0.989823
0.000005,0.993223
0.000003,0.994077
0.000011,0.990828
0.000005,0.996449
0.000006,0.992721
0.000002,0.995265
0.000006,0.993973
0.000007,0.993296
0.000009,0.993335
0.000005,0.992119
0.000013,0.990583
0.000006,0.993428
0.000009,0.993154
0.000004,0.994815
0.000014,0.983136
0.000009,0.995623
0.000007,0.993003
0.000005,0.995575
0.000007,0.988750
0.000003,0.995834
0.000008,0.993550
0.000008,0.992827
0.000006,0.996081
0.000006,0.992745
0.000003,0.994396
0.000006,0.993839
0.000011,0.991544
0.000004,0.995942
0.000004,0.995007
0.000034,0.991592
0.000005,0.993065
0.000006,0.994373
0.000003,0.992914
0.000004,0.996332
0.000013,0.993230
0.000007,0.992131
0.000018,0.992265
0.000003,0.994745
0.001321,0.975625
0.000005,0.996361
0.000002,0.997467
0.000009,0.993059
0.000167,0.987626
0.000001,0.994277
0.000044,0.989485
0.000003,0.994867
0.000002,0.995218
0.000004,0.991671
0.000013,0.994858
0.000212,0.991906
0.000001,0.995676
0.000013,0.994699
0.000006,0.992019
0.000001,0.995388
0.000032,0.991743
0.000001,0.996035
0.000145,0.987558
0.000001,0.991929
0.000009,0.992937
0.000001,0.991630
0.000001,0.992495
0.000004,0.992911
0.000004,0.992645
0.000001,0.993364
0.000005,0.992009
0.000093,0.990266
0.000001,0.993752
0.000002,0.995005
0.000002,0.993085
0.000002,0.992412
0.000001,0.996039
0.000040,0.993451
0.000001,0.994257
0.000020,0.992217
0.000001,0.994898
0.000011,0.995130
0.000049,0.988953
0.000032,0.989429
0.000026,0.992110
0.000004,0.993314
0.000001,0.992992
0.000008,0.994323
0.000002,0.991379
0.000011,0.992996
0.000002,0.993229
0.000007,0.991744
0.000023,0.990786
0.000001,0.994735
0.000075,0.986297
0.000005,0.994625
0.000008,0.992295
0.000003,0.991270
0.000006,0.995246
0.000007,0.993494
0.000004,0.992116
0.000011,0.993887
0.000005,0.995169
0.000004,0.993288
0.000002,0.993128
0.000003,0.993841
0.000003,0.992175
0.000002,0.993425
0.000020,0.993759
0.000010,0.995034
0.000005,0.992049
0.000018,0.991269
0.000007,0.990889
0.000002,0.992681
0.000005,0.993146
0.000002,0.993111
0.000005,0.994337
0.000006,0.992737
0.000004,0.993900
0.000005,0.991489
0.000008,0.990813
0.000005,0.995275
0.000009,0.993869
0.000004,0.990757
0.000007,0.992397
0.000008,0.988405
0.000004,0.991489
0.000007,0.991625
0.000045,0.988725
0.000034,0.992407
0.000006,0.993384
0.000005,0.993188
0.000008,0.995578
0.000008,0.996145
0.000007,0.994047
0.000008,0.993893
0.000011,0.993361
0.000006,0.995754
0.000003,0.993233
0.000001,0.996831
0.000001,0.993420
0.000001,0.994668
0.000001,0.995240
0.000001,0.993914
0.000005,0.995884
