
tall: 0.000377,3; 0.177488,1; 0.000006,5; 0.018172,4; 0.000415,5; 0.000871,19; 0.000215,2; 0.014379,2; 0.000314,4; 0.000865,4; 0.004736,4; 0.005136,5; 0.001641,3; 0.000359,10; 0.003576,5; 0.021342,5; 0.000747,4; 0.010755,4; 0.002240,12; 0.000046,6; 0.016853,8; 0.000012,4; 0.000038,3; 0.000161,5; 0.008929,9; 
winning: 0.005993,5; 0.001095,3; 0.002693,8; 0.000804,5; 0.000772,7; 0.008695,8; 0.012917,4; 0.026714,2; 
first: 0.002552,8; 0.020098,3; 0.002372,9; 0.061708,2; 0.002307,9; 0.007664,9; 0.003400,6; 0.004286,15; 0.000145,12; 0.001405,5; 0.006091,6; 0.012347,3; 0.012347,2; 0.001171,11; 0.016297,3; 0.001747,12; 0.013412,1; 0.000010,13; 0.001275,5; 0.032407,2; 0.008799,7; 0.000620,9; 0.004305,7; 0.001816,10; 
vacation: 0.006828,4; 0.003540,9; 0.001819,4; 0.009247,2; 0.001605,4; 0.011660,3; 0.007641,4; 0.001412,6; 0.009964,2; 0.018323,3; 0.000127,11; 0.000168,12; 0.016356,4; 0.000011,6; 
favorite: 0.000685,4; 0.005397,3; 0.009971,5; 0.001283,4; 0.000822,6; 0.009678,5; 0.002450,9; 0.016427,4; 
sad: 0.000737,8; 0.002726,5; 0.000196,18; 0.001583,9; 0.000433,11; 0.000581,8; 0.000130,18; 0.027201,1; 0.000120,17; 0.002534,8; 0.005073,8; 0.005342,6; 0.024229,1; 0.007381,7; 0.008515,5; 
competition: 0.001213,9; 0.002545,7; 0.006897,4; 0.006892,3; 0.020837,1; 0.012323,2; 0.001969,5; 0.006140,1; 0.053422,2; 0.004761,6; 0.001681,6; 0.005339,4; 0.004196,9; 0.080771,1; 0.001352,12; 0.002764,8; 0.002649,8; 0.005445,12; 0.003625,11; 0.000516,6; 0.002214,10; 0.003375,6; 0.007305,6; 
owner: 0.019537,2; 0.029259,1; 0.029259,1; 0.006618,5; 0.003669,11; 0.004314,9; 0.076346,1; 0.000419,6; 0.000339,11; 0.003119,7; 0.001226,9; 
date: 0.006977,4; 0.029639,1; 0.003735,5; 0.002898,6; 0.017484,7; 0.001631,10; 0.003495,7; 0.000429,11; 
championship: 0.004011,4; 0.003216,7; 0.004183,10; 0.000810,5; 0.007156,3; 0.000323,10; 0.056938,1; 0.000356,8; 
friend: 0.001765,6; 0.001721,10; 0.003109,7; 0.005882,6; 0.001129,6; 0.001035,8; 0.001035,8; 0.016950,4; 0.003435,6; 0.000254,9; 0.012969,6; 0.000739,12; 0.003726,13; 0.001498,10; 0.020534,9; 0.001204,8; 0.002715,10; 
birthday: 0.000394,9; 0.014344,2; 0.010738,5; 0.001460,14; 0.004242,8; 0.002368,5; 0.022083,3; 0.148687,2; 0.148687,3; 0.148687,1; 0.148687,2; 0.148687,1; 0.148687,2; 0.001096,7; 0.001353,9; 0.005566,5; 0.032345,2; 0.043110,3; 0.000657,8; 0.004379,4; 
brothers: 0.000733,6; 0.009685,3; 0.002179,15; 
new: 0.011457,4; 0.003304,6; 0.001564,10; 0.009403,5; 0.003622,2; 0.013241,4; 0.005825,3; 0.015322,4; 0.001176,16; 0.003051,7; 0.003875,10; 0.001025,9; 0.017044,5; 0.003930,4; 0.007562,7; 0.003842,9; 0.001020,9; 0.019845,2; 0.005002,5; 0.003966,8; 0.006037,5; 0.003953,7; 0.018858,2; 0.018858,1; 0.004100,3; 
win: 0.000417,15; 0.011267,4; 0.001270,8; 0.005970,6; 0.009018,11; 
friends: 0.000553,14; 0.001104,6; 0.003031,8; 0.000043,16; 0.003219,4; 0.002129,8; 0.005698,2; 0.014909,1; 0.000070,5; 0.000867,14; 0.005600,4; 0.004407,5; 0.029236,2; 0.007306,4; 0.000706,14; 0.003251,3; 0.024939,2; 0.009880,2; 0.008705,4; 0.000852,14; 0.000657,11; 0.000450,10; 0.002170,6; 0.000886,6; 0.000016,10; 0.001014,5; 0.000232,9; 0.000862,4; 0.000000,8; 0.001511,7; 0.001074,8; 0.002886,7; 0.007302,5; 0.004728,6; 0.003821,7; 0.006667,7; 0.000969,15; 0.006958,1; 0.000738,5; 
sisters: 0.001942,9; 0.012913,1; 0.020083,1; 0.020083,2; 0.009755,2; 0.003891,14; 0.000313,4; 0.007754,5; 
professional: 0.002818,6; 0.000213,10; 0.050976,3; 0.001637,7; 0.000433,10; 0.003363,5; 0.001082,4; 0.006970,8; 0.000151,8; 
because: 0.024189,2; 0.001231,9; 0.003463,6; 0.000807,9; 0.000055,10; 0.006684,10; 0.001387,7; 0.004610,7; 0.002506,10; 0.007660,9; 0.002156,11; 0.000166,14; 0.000299,9; 0.001569,9; 0.006062,17; 0.005662,11; 0.001955,15; 0.030821,1; 0.007059,9; 0.004732,10; 0.002434,9; 
just: 0.002632,7; 0.012466,3; 0.000339,11; 0.001675,5; 0.000284,15; 0.002901,9; 0.004204,2; 0.002266,8; 0.017383,3; 0.007438,5; 0.014293,4; 0.005066,2; 0.002898,6; 0.006191,3; 0.000351,16; 0.002405,12; 0.006923,6; 0.002051,8; 0.024212,2; 0.015181,4; 0.000222,10; 0.001979,7; 0.003842,9; 0.002578,19; 0.000230,18; 0.006480,4; 0.000470,9; 
about: 0.000366,7; 0.005872,7; 0.006031,3; 0.000892,9; 0.004970,6; 0.003857,5; 0.003696,7; 0.008547,7; 0.014916,7; 0.005161,4; 0.004622,4; 0.001250,6; 0.002506,5; 0.007034,5; 0.000479,10; 0.002054,7; 0.002053,12; 0.004992,2; 0.004004,7; 0.000066,10; 0.035594,2; 0.035594,1; 0.000212,7; 0.001195,10; 0.000283,10; 0.006339,7; 0.006790,4; 0.006790,11; 0.000388,24; 0.007698,9; 0.035932,1; 0.004264,9; 0.010734,2; 0.004172,6; 0.000308,16; 0.002749,7; 0.003316,10; 0.003139,8; 0.002144,12; 0.002144,8; 0.008460,5; 0.002397,6; 0.000618,11; 0.000482,8; 0.017833,1; 0.017833,4; 0.017833,4; 0.004098,7; 0.001589,9; 0.001589,7; 0.001017,11; 0.002607,7; 0.000376,9; 0.003403,16; 0.003500,13; 0.003882,7; 
trying: 0.001592,10; 0.001211,11; 0.000389,12; 0.017335,5; 0.017335,3; 0.001088,8; 0.003035,6; 0.000140,9; 0.001203,8; 0.002997,11; 0.001433,12; 0.001117,10; 0.001592,5; 0.000504,8; 0.001307,8; 0.001860,6; 0.002565,6; 0.000161,12; 0.008280,3; 0.000595,11; 0.006847,5; 0.001338,7; 0.005321,5; 0.000016,12; 0.008563,3; 0.002769,8; 0.000851,6; 0.000170,8; 0.000492,20; 0.003063,6; 0.002872,5; 0.004966,4; 0.001408,13; 0.000413,22; 0.001415,12; 0.000026,13; 0.000730,9; 0.000107,15; 0.007561,8; 0.003029,8; 0.007397,8; 0.009372,8; 0.000587,9; 0.000459,9; 0.002060,5; 0.000202,10; 0.000106,10; 0.008014,5; 0.000966,11; 
for: 0.006161,6; 0.006161,6; 0.004169,8; 0.004169,5; 0.033351,2; 0.033351,2; 0.006583,2; 0.031577,1; 0.031577,1; 0.029055,3; 0.010699,4; 0.010699,2; 0.002883,3; 0.001317,7; 0.000206,13; 0.004948,5; 0.003107,4; 0.006999,5; 0.003715,5; 0.032335,3; 0.032335,4; 0.032335,3; 0.005926,6; 0.004365,7; 0.001156,8; 0.006391,5; 0.006391,2; 0.000583,8; 0.001837,7; 0.005848,4; 0.005848,2; 0.038263,3; 0.001097,10; 0.003131,3; 0.000695,6; 0.000695,11; 0.000695,8; 0.000782,19; 0.000368,9; 0.000295,15; 0.002043,11; 0.002043,6; 0.001020,5; 0.002034,8; 0.001127,8; 0.000889,10; 0.024258,3; 0.073670,2; 0.073670,2; 0.073670,1; 0.005723,7; 0.001375,10; 0.001440,8; 0.009159,5; 0.009159,4; 0.009159,5; 0.000869,9; 0.002203,12; 0.017930,4; 0.017930,4; 0.000388,11; 0.000023,12; 0.004396,7; 0.004396,6; 0.001409,9; 0.002380,10; 0.009495,5; 0.028218,3; 0.000167,8; 0.004078,2; 0.000346,11; 0.002702,6; 0.002702,6; 0.000635,11; 0.002447,7; 0.023863,6; 0.004637,5; 0.001309,8; 0.010681,3; 0.010681,3; 0.002028,6; 0.009099,3; 0.004696,4; 0.003390,6; 0.003390,4; 0.000653,6; 0.001135,6; 0.001662,16; 0.026852,1; 0.016529,5; 0.000773,8; 0.029023,4; 0.003065,6; 0.003065,5; 0.001316,6; 0.001316,7; 0.000625,6; 0.009517,2; 0.000688,8; 0.001367,9; 0.001367,10; 0.005549,7; 0.005549,5; 0.001603,6; 0.000798,7; 0.012918,4; 0.010588,4; 0.010588,3; 0.002112,14; 0.008144,6; 0.003551,7; 0.001834,9; 0.000359,9; 0.000359,10; 0.003664,7; 0.001635,7; 0.011927,3; 0.014936,6; 0.010319,9; 0.003885,10; 0.002417,7; 0.004547,5; 0.022744,4; 0.014649,2; 0.014649,2; 0.048460,1; 0.000235,8; 0.004077,6; 0.004969,4; 0.000178,7; 0.015733,1; 0.015733,1; 0.015733,3; 0.039436,2; 0.039436,4; 0.001331,8; 0.011791,4; 0.000218,9; 0.000218,9; 0.004892,7; 0.007631,6; 0.007631,5; 0.002207,5; 0.000586,4; 0.000586,9; 0.001758,13; 0.039798,4; 0.039798,4; 0.000814,11; 0.002624,9; 0.002624,3; 0.000579,14; 0.001594,8; 0.002320,4; 0.002320,9; 0.010418,3; 0.000217,14; 0.002739,9; 0.001615,9; 0.019125,4; 0.019125,4; 0.019125,5; 0.001181,7; 0.001073,10; 0.000978,7; 0.003557,6; 0.003557,7; 0.003557,8; 0.003557,6; 0.001464,7; 0.009106,2; 0.009106,4; 0.009106,4; 0.009106,7; 0.064491,2; 0.064491,2; 0.000850,11; 0.000105,11; 0.001131,11; 0.005956,3; 0.006864,4; 0.006864,5; 0.006864,3; 0.003408,6; 0.000807,7; 0.010371,8; 0.026179,2; 0.000017,8; 0.003973,9; 0.008498,5; 0.010003,5; 0.013944,5; 0.004852,7; 0.004852,13; 0.002210,3; 0.001782,10; 0.012831,5; 0.000029,10; 0.001594,10; 0.013738,4; 0.013738,2; 0.004675,4; 0.016344,7; 0.016344,8; 0.002561,7; 0.002561,4; 0.031214,1; 0.031214,2; 0.030465,1; 0.002960,5; 0.003209,11; 0.003699,9; 0.015017,1; 0.015017,1; 0.002040,5; 0.014128,4; 0.012279,4; 0.012279,4; 0.018046,3; 0.003683,16; 0.001229,8; 0.002503,12; 0.000816,7; 0.000363,8; 0.002938,10; 0.052445,1; 0.052445,1; 0.005715,5; 0.002315,8; 0.001184,8; 0.003238,7; 0.013186,6; 0.008559,2; 0.008559,3; 0.013427,5; 0.007562,7; 0.007562,5; 0.001451,7; 0.004336,6; 0.001290,7; 0.008744,3; 0.012019,9; 0.000679,10; 0.000679,8; 0.000943,17; 0.000691,8; 0.026430,4; 0.026430,1; 0.026430,1; 0.002000,7; 0.002182,10; 0.029331,5; 0.029331,6; 0.000353,9; 0.000727,9; 0.005818,6; 0.018655,3; 0.018655,3; 0.000573,11; 0.018338,2; 0.001912,3; 0.001912,12; 0.003088,7; 0.013031,5; 0.002527,5; 0.000104,8; 0.000058,10; 0.000876,12; 0.000588,8; 0.021195,8; 0.000205,9; 0.003903,7; 0.002839,6; 0.000833,10; 0.002238,19; 0.034000,3; 0.001639,7; 0.005618,12; 0.020454,6; 0.020454,5; 0.002685,8; 0.002685,6; 0.002685,8; 0.014543,4; 0.006026,6; 0.006026,7; 0.012952,5; 0.010414,8; 0.015856,3; 0.005987,3; 0.005987,4; 0.005987,3; 
siblings: 0.002262,4; 0.000464,4; 0.005511,7; 
best: 0.001564,5; 0.005345,6; 
famous: 0.001289,10; 0.001359,7; 0.017066,2; 0.001118,9; 0.003971,4; 0.017083,4; 0.006057,4; 0.006314,10; 0.005518,7; 
wife: 0.000654,12; 0.016468,2; 0.016468,4; 0.001768,6; 0.000917,10; 0.011186,2; 0.000053,10; 0.003888,17; 0.004624,5; 0.000755,5; 0.002110,6; 0.000695,14; 0.016381,9; 0.002974,7; 0.000071,9; 
happily: 0.001650,8; 0.001368,4; 0.007595,7; 0.001795,4; 0.002141,7; 0.001648,5; 0.009565,3; 0.025701,2; 0.009946,5; 0.051529,2; 0.002414,11; 
fetch: 0.007330,6; 0.021288,4; 0.021288,7; 0.001532,8; 0.012011,7; 0.002108,3; 0.011487,3; 0.006918,3; 0.006691,6; 0.014997,5; 0.014997,5; 
before: 0.001414,13; 0.009533,6; 0.000816,6; 0.016197,4; 0.000945,12; 0.003850,7; 0.005684,5; 0.009549,8; 0.000163,7; 0.000620,9; 0.011233,4; 0.021614,2; 0.022489,3; 0.004756,7; 0.005622,5; 
husband: 0.022762,1; 0.022209,1; 0.001925,6; 0.007822,2; 0.008018,6; 0.006853,3; 0.001967,8; 
way: 0.008394,9; 0.000086,20; 0.002652,7; 0.001045,7; 0.000920,8; 0.000739,9; 0.003720,12; 0.009131,7; 0.000537,7; 0.000325,9; 
tired: 0.005471,4; 0.050064,1; 0.000494,8; 0.002600,4; 0.006108,10; 0.006174,3; 0.001196,9; 0.003185,2; 0.007158,3; 0.004060,8; 0.000202,7; 
trip: 0.016523,4; 0.016523,5; 0.007468,6; 0.004854,5; 0.013433,5; 0.000189,9; 0.006916,6; 0.000748,7; 0.004253,9; 0.012486,3; 0.042591,3; 0.016552,1; 0.016552,1; 0.006527,7; 
parents: 0.001352,5; 0.002562,9; 0.002337,5; 0.001487,11; 0.001751,10; 0.001751,5; 0.000256,12; 0.005417,4; 0.001465,13; 0.000240,11; 0.000240,8; 0.000126,33; 0.004208,5; 0.001038,12; 0.019398,4; 0.001016,9; 0.007080,6; 
tournament: 0.003905,5; 0.000058,6; 0.000424,9; 0.001205,7; 0.002038,6; 
after: 0.000163,7; 0.010431,6; 0.002217,11; 0.000677,9; 0.021484,1; 0.017409,3; 0.002930,7; 0.000548,10; 0.001081,8; 0.001949,9; 0.000197,22; 0.006259,10; 0.005203,4; 0.002575,5; 0.033044,1; 0.003752,12; 0.001062,7; 0.000339,17; 0.001420,7; 0.000080,13; 0.001642,11; 0.024463,1; 0.000290,9; 0.000757,9; 0.007117,13; 0.000229,9; 0.001845,9; 0.000869,8; 0.007725,9; 0.012742,5; 
married: 0.000163,8; 0.000935,7; 0.001403,4; 0.004729,5; 0.002456,4; 0.022011,2; 0.008649,3; 0.003843,9; 0.016152,3; 
get: 0.000248,15; 0.000553,15; 0.000233,13; 0.000980,11; 0.003055,6; 0.001452,12; 0.000906,11; 0.007168,8; 0.000760,10; 0.002297,6; 0.008576,10; 0.001193,8; 0.000288,7; 0.001351,6; 0.010870,3; 0.003928,5; 0.000757,9; 0.003746,6; 0.000444,16; 0.000278,26; 0.000550,12; 0.000615,13; 0.001558,10; 0.011435,6; 0.002419,7; 0.000626,12; 0.000626,12; 0.002095,10; 0.002657,10; 0.003937,5; 0.005054,16; 0.000012,14; 0.004749,8; 
brother: 0.000780,6; 0.004807,6; 0.000166,15; 0.008362,14; 0.006338,14; 
part: 0.002049,5; 0.000904,10; 0.003927,6; 0.001009,8; 0.002220,6; 0.014855,5; 0.002997,8; 
funny: 0.004044,8; 0.000953,9; 0.007665,4; 0.043735,1; 
money: 0.027734,1; 0.014483,4; 0.023743,1; 0.023743,1; 0.001001,10; 0.000962,9; 0.001894,7; 0.007997,6; 0.007997,6; 0.000306,13; 0.012515,5; 0.001118,8; 0.003780,15; 
so: 0.000025,18; 0.005564,10; 0.015055,3; 0.008462,12; 0.006127,9; 0.002002,14; 0.000651,16; 0.000656,19; 0.000861,13; 
celebrating: 0.002406,6; 0.007301,2; 0.001721,6; 0.007841,5; 0.083031,1; 0.016577,3; 
buy: 0.002337,16; 0.028726,2; 
competing: 0.001232,8; 0.000155,13; 0.002157,5; 0.004032,2; 0.003543,10; 0.009261,7; 0.006786,8; 0.000254,9; 0.000845,7; 0.002854,4; 0.000832,9; 0.000947,4; 0.005736,5; 0.005654,4; 0.000137,11; 0.007307,6; 
good: 0.001043,8; 0.001423,5; 0.042954,4; 0.000664,7; 0.010662,3; 0.001588,2; 0.064844,1; 0.001125,7; 0.000015,6; 0.001870,4; 0.023063,8; 0.000146,10; 0.000349,5; 0.006986,7; 
joyously: 0.006036,1; 0.019315,2; 0.000329,12; 0.000090,15; 
waiting: 0.017923,1; 0.005344,6; 0.000333,8; 0.014597,5; 0.014597,5; 0.025876,4; 0.003446,7; 0.009073,4; 0.003925,7; 0.001026,9; 0.001028,9; 0.012752,1; 0.000039,21; 0.001477,9; 0.001556,8; 0.000198,3; 0.002330,5; 0.002330,5; 0.002329,10; 0.079743,2; 0.079743,1; 0.079743,1; 0.008492,6; 0.002422,18; 0.000209,7; 0.012941,5; 0.000512,5; 0.044873,4; 0.005250,9; 0.002060,8; 0.001456,6; 0.047285,1; 0.047285,2; 0.006735,5; 0.001445,11; 0.000354,13; 0.001961,7; 0.000962,7; 0.011648,7; 0.001046,11; 0.003808,3; 0.001368,7; 0.001789,6; 0.002258,6; 0.004583,2; 0.004583,5; 0.003641,9; 0.002525,9; 0.105101,1; 0.004662,5; 
fun: 0.005144,4; 0.000115,6; 0.000025,9; 0.017792,4; 0.002089,3; 0.002482,7; 0.001547,9; 0.005805,4; 0.008581,4; 
homeless: 0.008171,8; 0.002803,3; 0.001064,10; 0.002758,8; 0.001540,7; 
halloween: 0.008189,6; 0.002990,11; 0.024041,3; 0.001118,12; 0.007556,7; 0.020306,1; 0.020306,2; 0.003224,4; 
party: 0.001528,5; 0.002151,6; 0.013865,4; 0.022482,1; 0.003549,7; 0.014404,3; 0.002012,5; 0.005308,5; 0.004007,8; 0.031681,1; 0.016020,6; 0.004952,6; 0.004952,4; 
impress: 0.001967,6; 
wants: 0.003966,6; 0.001974,10; 0.002575,7; 0.010220,3; 
sister: 0.000647,7; 0.003392,7; 0.002671,10; 0.003209,7; 0.000796,6; 0.023056,2; 
likes: 0.001939,7; 0.005057,3; 0.002250,2; 0.001843,5; 0.001399,7; 0.014688,3; 
father: 0.000958,18; 0.000236,12; 0.000362,17; 0.007523,5; 0.000588,16; 0.000960,22; 0.024757,5; 0.001178,5; 
mother: 0.000615,10; 0.002816,9; 0.000345,9; 0.000910,11; 0.027185,1; 0.000997,8; 0.000997,5; 0.002436,13; 0.000079,7; 0.001134,7; 0.000282,11; 0.002227,10; 0.011958,2; 0.005417,6; 0.000373,8; 0.011325,3; 0.000277,8; 0.019762,3; 0.019762,3; 0.003022,10; 
ready: 0.027222,5; 0.010061,5; 0.005552,7; 0.005552,8; 0.002112,6; 0.001547,13; 0.005470,3; 0.017764,10; 0.001327,9; 0.000953,10; 0.009671,3; 0.000800,12; 0.011516,3; 0.011516,4; 0.000482,11; 0.001904,4; 0.000224,11; 0.007427,6; 0.024231,6; 0.000363,9; 0.000908,7; 0.000182,12; 0.004279,6; 0.002011,7; 0.003019,6; 0.002574,7; 0.001085,8; 0.003623,6; 0.001301,10; 
he: 0.001861,12; 0.000009,17; 0.002027,7; 0.003085,8; 0.009540,3; 0.009540,2; 0.000058,11; 0.003406,8; 0.003284,3; 0.003284,18; 0.000822,8; 0.000389,4; 0.001141,11; 0.007354,8; 0.002072,15; 0.008989,3; 0.000383,14; 0.000383,11; 0.001479,11; 0.000255,10; 0.006688,5; 0.003395,6; 0.000297,13; 0.001891,4; 0.000007,7; 0.023813,1; 0.008853,13; 0.008853,14; 0.008853,13; 0.008853,14; 0.005800,13; 0.000754,12; 0.000003,10; 0.013475,3; 0.013475,4; 0.013475,9; 0.006338,11; 0.000551,18; 0.007586,2; 0.001875,10; 0.000117,20; 0.000117,21; 0.001792,11; 0.007907,14; 0.013306,6; 0.002601,6; 0.011180,7; 0.020933,4; 0.009322,5; 0.018209,7; 0.003378,13; 0.003739,4; 
got: 0.001444,6; 0.021720,3; 0.000263,6; 0.000935,11; 0.004542,16; 0.004542,16; 0.002514,7; 0.006641,5; 0.001167,7; 
time: 0.000495,16; 0.000495,15; 0.002859,8; 0.000100,7; 0.001570,8; 0.000662,7; 0.002214,7; 0.002071,8; 0.004643,8; 0.004643,6; 0.013648,6; 0.000229,12; 0.011089,3; 0.000312,11; 0.002487,4; 0.000492,12; 0.003794,7; 0.009896,8; 0.019766,5; 0.001088,9; 0.000077,10; 0.005604,6; 0.000132,12; 0.013256,4; 
charity: 0.026534,2; 0.001132,7; 0.013643,1; 0.013643,3; 0.004016,8; 0.014509,4; 
going: 0.000857,5; 0.000623,8; 0.011877,3; 0.003126,5; 0.006015,3; 0.002476,7; 0.006183,7; 0.000840,7; 0.001376,10; 0.011153,3; 0.000175,7; 0.001019,9; 0.003450,7; 0.001018,5; 0.021170,2; 0.004802,7; 0.146002,1; 0.000553,5; 0.000788,9; 0.005514,12; 0.000184,7; 0.005744,6; 0.002296,13; 0.017126,2; 0.001687,6; 0.009024,9; 0.000279,10; 0.014013,7; 0.000137,4; 0.015703,3; 0.000376,6; 0.002368,7; 0.025004,4; 0.002949,9; 0.002416,11; 0.001909,11; 
daughter: 0.002986,10; 0.008247,2; 0.000201,7; 0.002034,5; 0.029457,2; 0.007574,4; 0.002438,15; 
to: 0.001681,13; 0.009398,3; 0.009398,2; 0.003043,10; 0.003043,4; 0.000150,13; 0.004214,6; 0.086966,1; 0.086966,1; 0.086966,1; 0.048336,4; 0.048336,5; 0.006751,3; 0.013855,3; 0.013855,6; 0.013855,4; 0.004300,7; 0.007747,3; 0.007747,5; 0.007747,2; 0.002622,8; 0.002622,5; 0.002622,2; 0.002622,3; 0.001577,13; 0.006494,9; 0.011563,6; 0.020132,7; 0.003581,5; 0.003581,8; 0.000893,7; 0.006596,3; 0.052659,1; 0.052659,1; 0.052659,1; 0.052659,1; 0.052659,2; 0.000386,11; 0.002939,7; 0.002939,8; 0.000208,16; 0.057374,1; 0.000583,11; 0.006076,5; 0.006076,12; 0.001212,11; 0.005928,4; 0.005928,5; 0.001578,14; 0.008902,4; 0.007948,4; 0.007948,10; 0.045891,2; 0.045891,3; 0.021374,5; 0.021374,6; 0.003805,7; 0.003805,8; 0.003805,9; 0.020420,1; 0.000362,13; 0.000362,9; 0.008201,4; 0.013269,1; 0.003742,10; 0.003781,17; 0.003781,7; 0.004648,9; 0.004648,8; 0.000309,12; 0.011064,5; 0.002901,6; 0.002901,9; 0.010189,6; 0.010189,3; 0.018760,6; 0.018760,7; 0.000137,8; 0.001487,9; 0.001487,9; 0.005371,4; 0.005371,6; 0.002726,9; 0.000442,7; 0.040163,1; 0.040163,1; 0.000349,13; 0.001035,11; 0.093914,1; 0.093914,1; 0.093914,1; 0.007570,3; 0.007570,4; 0.010096,7; 0.010096,5; 0.010096,2; 0.001904,7; 0.019609,1; 0.019609,8; 0.019609,4; 0.019609,6; 0.004177,7; 0.004177,9; 0.000644,8; 0.007765,6; 0.003584,7; 0.000267,18; 0.000263,13; 0.012576,2; 0.001757,8; 0.037754,1; 0.037754,1; 0.002715,8; 0.005707,3; 0.000835,9; 0.013737,5; 0.007615,2; 0.002703,9; 0.002703,4; 0.001225,9; 0.031775,4; 0.031775,5; 0.031775,3; 0.031775,4; 0.003212,6; 0.000696,7; 0.000696,12; 0.038299,2; 0.000771,12; 0.003343,6; 0.003343,10; 0.000863,8; 0.011280,7; 0.003356,5; 0.005616,7; 0.005616,6; 0.005616,7; 0.005616,8; 0.012319,5; 0.027607,1; 0.022083,5; 0.022083,4; 0.022083,7; 0.014861,1; 0.007521,12; 0.000170,8; 0.000304,8; 0.000304,9; 0.000284,9; 0.013463,4; 0.010367,6; 0.018148,3; 0.018148,4; 0.000661,6; 0.007316,4; 0.007316,4; 0.000477,11; 0.009133,9; 0.002412,6; 0.001677,8; 0.000620,7; 0.004270,4; 0.004270,6; 0.004270,9; 0.000742,14; 0.000742,7; 0.000297,15; 0.001915,8; 0.004075,6; 0.004075,12; 0.006532,3; 0.006532,5; 0.006532,4; 0.000391,7; 0.000081,10; 0.011927,5; 0.001611,10; 0.001323,7; 0.003684,5; 0.059280,1; 0.059280,2; 0.059280,1; 0.010464,5; 0.000380,9; 0.010718,7; 0.010718,8; 0.002264,7; 0.000241,11; 0.000241,12; 0.000241,11; 0.000946,7; 0.013842,3; 0.004246,8; 0.004246,9; 0.004584,10; 0.025083,4; 0.025083,5; 0.025083,3; 0.025083,4; 0.008917,7; 0.010128,4; 0.042048,2; 0.000551,6; 0.003847,11; 0.000175,11; 0.000265,9; 0.000265,7; 0.002208,8; 0.002208,10; 0.002208,10; 0.008228,3; 0.008228,6; 0.000162,8; 0.000377,11; 0.003659,5; 0.003659,9; 0.003659,10; 0.003659,7; 0.006891,9; 0.003853,14; 0.005250,6; 0.005250,12; 0.005550,6; 0.007253,5; 0.007253,2; 0.004217,4; 0.004415,8; 0.007898,6; 0.004315,5; 0.004315,7; 0.002584,9; 0.000069,9; 0.009600,4; 0.009600,5; 0.003716,5; 0.000245,9; 0.003088,7; 0.020238,2; 0.032641,3; 0.022723,4; 0.022723,2; 0.019595,2; 0.002887,8; 0.002944,9; 0.006141,6; 0.000382,9; 0.006372,2; 0.006372,4; 0.010556,3; 0.010556,4; 0.010556,4; 0.010556,5; 0.001434,7; 0.023924,1; 0.009634,4; 0.009634,2; 0.005434,4; 0.003450,6; 0.003450,5; 0.009710,7; 0.009710,6; 0.000771,14; 0.000771,8; 0.024289,6; 0.024289,3; 0.000119,8; 0.000608,5; 0.000766,12; 0.015788,5; 0.015788,5; 0.015788,2; 0.000848,7; 0.006084,1; 0.000491,9; 0.001061,13; 0.000281,12; 0.002031,4; 0.002031,8; 0.015509,1; 0.000983,9; 0.004094,10; 0.004094,7; 0.004094,8; 0.004094,7; 0.004094,8; 0.002051,7; 0.002051,12; 0.000953,9; 0.017320,7; 0.000760,11; 0.000760,12; 0.003806,14; 0.003806,15; 0.001039,7; 0.004643,10; 0.004643,6; 0.001829,18; 0.001829,19; 0.000522,13; 0.000522,14; 0.000362,6; 0.002462,13; 0.009369,3; 0.009369,7; 0.009369,10; 0.009369,3; 0.016426,5; 0.016426,9; 0.000958,11; 0.000958,10; 0.011218,4; 0.022007,4; 0.022007,2; 0.022007,1; 0.000000,7; 0.004468,8; 0.002063,6; 0.002063,6; 0.001236,9; 0.008842,6; 0.045204,5; 0.019568,7; 0.007487,3; 0.007487,3; 0.000726,16; 0.016320,3; 0.016320,2; 0.021562,2; 0.018018,8; 0.018018,9; 0.029932,3; 0.029932,5; 0.009115,6; 0.004081,7; 0.004081,3; 0.043620,1; 0.043620,1; 0.002472,9; 0.002472,8; 0.004254,9; 0.004885,4; 0.005961,10; 0.002297,15; 0.013003,3; 0.011779,4; 0.002563,11; 0.002563,12; 0.002563,11; 0.009197,6; 0.000494,18; 0.000494,9; 0.003863,8; 0.003863,9; 0.000110,12; 0.000217,14; 0.004912,7; 0.002243,10; 0.004857,10; 0.004857,6; 0.012656,7; 0.012656,7; 0.012656,8; 0.012656,9; 0.000446,9; 0.000446,20; 0.018831,2; 0.001428,10; 0.000825,15; 0.004178,3; 0.004178,3; 0.001630,8; 0.009101,9; 0.009101,4; 0.011386,3; 0.011386,2; 0.003783,8; 0.000581,8; 0.002090,9; 0.002090,14; 0.002090,9; 0.019098,4; 0.019098,4; 0.001372,4; 0.003642,13; 0.003642,17; 0.003642,4; 0.003028,9; 0.007829,4; 0.006665,4; 0.003002,11; 0.026038,6; 0.000239,8; 0.000058,11; 0.042270,3; 0.042270,4; 0.042270,2; 0.042270,2; 0.004134,9; 0.005384,6; 0.010327,4; 0.010327,5; 0.010327,3; 0.000674,13; 0.004473,9; 0.002016,8; 0.002499,10; 0.003101,8; 0.000588,9; 0.009112,4; 0.009112,2; 0.009112,12; 0.009112,5; 0.009983,5; 0.017937,7; 0.017937,2; 0.002718,14; 0.002718,8; 0.009937,5; 0.009937,6; 0.002086,10; 0.002746,8; 0.003594,8; 0.012947,1; 0.012947,3; 0.028056,1; 0.012169,6; 0.012169,8; 0.000870,7; 0.000590,13; 0.008020,7; 0.008483,7; 0.008483,7; 0.001850,10; 0.001850,15; 0.001850,9; 0.001519,9; 0.009089,5; 0.009089,7; 0.010109,12; 0.019780,5; 0.019780,6; 0.026007,2; 0.026007,5; 0.002308,10; 0.002308,13; 0.003748,6; 0.005299,8; 0.005299,10; 0.000204,12; 0.001161,9; 0.001442,5; 0.005230,5; 0.000121,8; 0.000059,10; 0.003913,6; 0.000053,11; 0.000053,17; 0.006950,12; 0.000277,9; 0.000277,11; 0.001026,9; 0.001026,5; 0.002374,6; 0.000064,12; 0.000064,13; 0.004234,12; 0.003188,5; 0.001234,8; 0.019660,1; 0.001599,9; 0.000307,10; 0.008073,9; 0.018703,6; 0.001927,10; 0.002033,22; 0.002033,20; 0.002107,15; 0.005120,7; 0.029107,5; 0.006016,7; 0.008916,9; 0.000720,11; 0.006204,6; 0.000061,6; 0.004221,10; 0.004221,7; 0.004211,8; 0.001857,16; 0.015119,2; 0.015119,5; 0.015119,4; 0.010112,6; 0.001982,15; 0.002533,10; 0.002533,7; 0.005246,2; 0.005246,6; 
son: 0.008230,6; 0.007097,8; 0.002945,4; 0.011793,5; 0.006694,5; 0.001388,8; 0.000522,8; 0.000522,10; 0.006244,3; 0.001857,7; 0.001582,4; 
big: 0.015602,5; 0.004388,11; 0.006121,6; 0.000346,10; 0.004749,2; 0.007022,4; 0.002578,10; 0.008969,3; 0.003274,7; 0.003005,8; 0.002234,3; 0.007741,3; 0.003120,8; 0.002341,9; 0.001230,6; 0.007127,9; 0.021028,2; 
loves: 0.002214,8; 0.007875,2; 0.031852,4; 
song: 0.001161,8; 0.025262,2; 0.000503,12; 0.000503,7; 0.014034,3; 0.029456,1; 0.029456,1; 0.029456,2; 0.003373,6; 0.003366,8; 0.000889,14; 0.004756,6; 
lost: 0.005620,4; 0.007818,4; 0.001598,6; 0.022150,2; 0.003551,4; 0.016098,3; 0.009459,8; 
related: 0.003118,4; 0.008781,2; 
last: 0.005510,2; 0.006117,11; 0.009917,6; 0.007817,6; 
wedding: 0.001120,10; 0.003610,8; 0.038419,1; 0.000459,5; 0.002502,5; 0.151683,1; 0.007158,10; 0.002097,7; 
finished: 0.003734,4; 0.024420,3; 0.003559,7; 0.004817,5; 0.009908,7; 
girlfriend: 0.000086,15; 0.002260,9; 0.006793,12; 0.004150,10; 0.007857,5; 0.000140,13; 
huge: 0.006905,6; 0.005345,3; 0.001089,3; 0.004706,7; 0.000211,6; 0.009438,4; 0.009563,4; 0.001870,8; 0.018795,6; 
work: 0.000972,14; 0.005419,4; 0.015871,4; 0.012111,2; 0.012636,7; 0.002268,10; 0.063373,1; 0.016685,4; 0.016685,2; 0.001150,7; 0.004097,8; 0.004097,8; 0.028910,3; 0.006163,9; 0.001754,17; 0.001484,11; 0.010724,2; 0.008318,3; 0.000290,6; 0.000290,7; 0.000381,8; 0.004802,11; 0.000911,15; 0.000351,8; 0.010039,3; 0.015773,3; 0.002619,4; 0.004727,5; 0.024373,2; 0.003413,6; 0.002429,8; 
important: 0.006093,3; 
she: 0.008866,5; 0.002315,6; 0.002678,6; 0.000462,11; 0.000676,10; 0.000477,10; 0.000509,8; 0.006108,4; 0.011812,5; 0.001004,4; 0.002011,10; 0.000602,6; 0.000579,12; 0.001165,17; 0.023943,5; 0.013587,5; 0.007090,8; 0.001338,11; 0.005515,4; 0.005515,3; 0.004158,4; 0.000848,8; 0.000889,11; 0.000333,14; 0.003529,9; 
show: 0.002096,7; 0.006430,9; 0.000072,12; 0.000140,12; 0.003483,7; 0.000033,13; 0.006897,5; 0.011180,5; 0.002596,9; 0.005105,5; 
will: 0.000225,8; 0.001604,7; 0.001308,18; 0.005876,5; 0.000775,16; 0.000877,16; 0.006584,7; 
mom: 0.005008,6; 0.000670,9; 0.002640,7; 0.008258,11; 0.000289,11; 
won: 0.002162,7; 0.007487,2; 0.033076,2; 
training: 0.000871,10; 0.004127,8; 0.005386,5; 0.005747,4; 0.078580,1; 
practicing: 0.001561,4; 0.014455,5; 0.044460,1; 0.009259,6; 0.000083,5; 0.013268,1; 0.000969,8; 0.001162,7; 0.006240,9; 0.006240,8; 0.009907,7; 0.004436,6; 0.000638,8; 0.000540,7; 0.000100,10; 0.020854,5; 0.020854,4; 0.001909,9; 0.001444,8; 
contest: 0.001866,7; 0.000082,8; 0.014503,9; 0.001966,8; 
olympics: 0.004113,3; 0.005320,9; 
boyfriend: 0.000631,5; 0.010527,9; 0.002074,9; 
school: 0.002964,7; 0.009486,1; 0.004737,8; 0.000971,6; 0.000263,6; 0.012733,2; 0.038384,1; 0.004092,9; 0.010088,9; 0.008148,2; 0.004766,5; 0.074319,4; 0.006909,5; 0.002173,11; 0.000768,14; 0.001325,8; 0.021114,3; 0.000575,6; 0.000126,12; 0.001401,9; 0.004778,7; 0.001596,9; 0.000541,9; 0.002975,9; 
day: 0.002593,5; 0.002828,9; 0.001200,10; 0.002360,9; 0.001484,10; 0.000070,11; 0.000262,11; 0.003369,7; 0.001385,13; 0.002596,7; 0.001640,8; 0.000378,21; 0.001492,6; 0.007208,3; 0.009359,4; 0.000217,12; 0.002077,9; 0.004153,6; 0.000401,4; 0.001749,7; 0.001230,8; 0.000189,8; 0.000010,10; 0.005932,15; 0.009903,7; 0.000586,5; 0.046718,1; 0.008720,8; 0.001544,7; 0.010808,4; 
year: 0.000271,6; 
world: 0.007916,1; 0.000758,15; 0.000890,8; 0.002309,6; 0.014519,5; 0.001608,7; 
farmer: 0.004877,11; 0.041680,2; 0.000852,12; 0.021911,4; 
festival: 0.002344,5; 0.007018,8; 0.000264,11; 
excited: 0.006662,6; 0.000045,14; 0.003765,5; 0.011339,6; 
enjoys: 0.004754,4; 0.009129,5; 0.000405,5; 0.008765,5; 0.003478,2; 0.006020,3; 
find: 0.000829,14; 0.002120,8; 0.003477,4; 0.000876,10; 0.000128,11; 0.000377,12; 0.000040,9; 0.021510,3; 