
nobody: 0.000000,2; 0.000102,4; 0.000002,4; 0.000000,5; 0.004562,5; 0.000013,4; 0.175070,1; 0.000001,4; 0.000000,3; 0.000004,6; 0.000746,2; 0.000056,3; 0.000001,3; 0.056285,1; 0.000039,4; 0.001294,1; 0.000001,3; 0.000839,5; 0.000015,4; 0.325589,1; 0.054428,1; 0.175094,1; 0.000189,5; 0.000007,4; 0.000175,4; 0.000000,3; 0.000621,3; 0.000000,4; 0.002129,5; 0.000857,4; 0.000633,3; 
sleeping: 0.002514,4; 0.000707,4; 0.000002,7; 0.000426,5; 0.000000,6; 0.000086,14; 0.009734,7; 0.009734,6; 0.000122,4; 0.000358,6; 0.000000,8; 0.000187,5; 0.000187,3; 0.000578,6; 0.000001,9; 0.000151,5; 0.000506,7; 0.000090,5; 0.000105,6; 0.000027,7; 0.013935,2; 0.004773,5; 0.000115,1; 0.021707,2; 0.021707,1; 0.000140,7; 0.001178,7; 0.000080,5; 0.000008,6; 0.000295,5; 0.000044,4; 0.178611,1; 0.000028,9; 0.000028,4; 0.000000,7; 0.000765,5; 0.000000,5; 0.000366,3; 0.009525,2; 0.000676,5; 0.000021,7; 0.000333,5; 0.000030,6; 0.000149,7; 0.005831,3; 0.001277,3; 0.000016,7; 0.000055,5; 0.000018,7; 0.000620,5; 0.000001,7; 0.002365,3; 0.000322,5; 0.000763,5; 0.000139,5; 0.007049,2; 0.000000,6; 0.000017,7; 0.000338,2; 0.000338,10; 0.001685,5; 0.007586,4; 0.000004,5; 0.000391,9; 0.000000,4; 0.016060,4; 0.003700,4; 0.001019,5; 0.000116,6; 0.002975,5; 0.000738,3; 0.000437,4; 0.000094,6; 0.001257,4; 0.001257,4; 0.002111,4; 0.003850,6; 0.006103,3; 0.000187,4; 0.000235,7; 0.000779,4; 0.000045,5; 0.000022,6; 0.000734,4; 0.001524,7; 0.001524,7; 0.000913,4; 0.004447,8; 0.002952,4; 0.008171,5; 0.032986,1; 0.001592,6; 0.000005,2; 0.000969,7; 0.001380,5; 0.000935,4; 0.000935,3; 0.000015,9; 0.000000,4; 0.000214,5; 0.003688,5; 0.000028,7; 0.026227,2; 0.037752,1; 0.037752,2; 0.000037,7; 0.000142,4; 0.000032,4; 
cats: 0.000000,3; 0.000001,10; 0.000033,8; 0.006024,2; 0.006024,5; 0.001543,4; 0.000006,3; 0.000000,3; 0.007442,3; 0.010154,3; 0.000104,8; 
no: 0.000047,6; 0.001657,5; 0.000015,6; 0.000008,5; 0.000402,3; 0.000004,6; 0.014261,2; 0.000021,4; 0.020456,2; 0.000101,4; 0.000018,6; 0.007642,5; 0.004224,4; 0.011349,3; 0.000014,8; 0.000258,5; 0.000000,8; 0.000023,17; 0.001731,9; 0.000023,5; 0.008578,3; 0.015894,2; 0.002180,6; 0.003652,7; 0.001362,6; 0.000581,2; 0.000760,6; 0.000760,9; 0.003237,6; 0.000429,3; 0.000236,5; 0.000533,5; 0.000157,7; 0.001086,5; 0.000197,9; 0.000199,10; 0.066989,2; 0.001920,11; 0.000025,7; 0.000042,1; 0.000042,4; 0.033713,1; 0.003415,4; 0.001541,7; 0.000114,9; 0.033377,2; 0.001102,6; 0.003675,13; 
tv: 0.000000,7; 0.000400,5; 0.000017,4; 0.000001,3; 0.000000,5; 0.000057,7; 0.000049,6; 0.000636,5; 0.004618,6; 0.105319,3; 0.000421,5; 0.003332,5; 0.000000,9; 0.001302,5; 0.043790,3; 0.000001,11; 0.000558,5; 
naked: 0.000138,7; 0.001225,4; 0.009016,4; 0.111730,1; 0.001928,8; 0.002710,5; 0.015878,3; 0.038364,1; 0.001578,9; 0.020049,4; 0.023003,4; 0.007175,4; 0.011786,4; 
cat: 0.000000,5; 0.000031,10; 0.030642,2; 0.000437,11; 0.000061,7; 0.000061,5; 0.006914,3; 0.000001,4; 0.034723,1; 0.006770,5; 0.000000,3; 0.000000,6; 0.000002,5; 0.000189,2; 0.000200,3; 0.000203,4; 0.004318,6; 0.002174,4; 0.023558,3; 0.007806,5; 0.001475,9; 0.000147,4; 0.000023,10; 0.000103,10; 0.035940,1; 0.042053,1; 0.000104,5; 0.000104,8; 0.004553,5; 0.017445,3; 0.000000,3; 0.002417,7; 0.002417,10; 0.052460,1; 0.000008,5; 
nothing: 0.000124,3; 0.005991,5; 0.001428,6; 0.000008,4; 0.016039,2; 0.026699,3; 
alone: 0.000858,4; 0.006463,5; 0.002967,3; 0.000072,8; 0.000072,6; 0.083950,1; 0.000391,5; 0.000391,5; 0.000107,12; 0.005411,2; 0.141736,3; 0.071193,1; 0.001101,9; 0.000229,6; 0.003378,3; 0.002377,7; 0.002576,6; 0.000002,2; 0.021162,2; 0.003437,5; 0.001236,8; 0.000161,8; 0.054585,1; 0.000005,7; 
asleep: 0.000012,5; 0.000009,6; 0.000281,4; 0.000001,8; 0.004074,7; 0.000000,7; 0.000009,6; 0.002930,5; 0.000110,5; 0.016950,2; 0.000971,6; 0.304948,1; 0.000006,7; 0.000271,5; 0.070914,1; 0.000414,7; 0.000111,5; 0.000130,5; 0.010381,5; 0.000006,8; 0.016122,5; 0.011882,1; 0.001541,5; 0.000053,4; 0.000595,4; 0.000000,4; 0.000143,8; 
empty: 0.013369,3; 0.001415,4; 0.000253,3; 0.000140,6; 0.000005,5; 0.000693,4; 0.000000,11; 0.031788,2; 0.001238,5; 0.019757,1; 0.000015,5; 0.001529,9; 0.000026,11; 0.000031,2; 0.002057,7; 
couch: 0.000441,7; 0.000000,6; 0.000000,6; 0.002228,5; 0.000000,8; 0.000000,6; 0.019522,1; 0.000723,7; 0.000000,9; 0.000146,8; 0.000055,8; 0.000322,4; 0.000222,6; 0.000088,7; 0.004454,6; 0.000003,8; 0.008902,12; 0.070520,1; 0.000032,7; 0.000378,7; 0.000009,7; 0.000239,7; 0.000006,8; 
bed: 0.000003,6; 0.000008,8; 0.001526,6; 0.001343,3; 0.000001,4; 0.000025,6; 0.000147,8; 0.002390,8; 0.000002,7; 0.000010,8; 0.000889,4; 0.000271,6; 0.000000,7; 0.000131,6; 0.000952,8; 0.008176,7; 0.003419,8; 0.000754,6; 0.099804,1; 0.007142,6; 0.000012,5; 0.003449,6; 0.000176,7; 
eats: 0.005278,10; 0.000000,5; 0.000140,4; 0.001233,8; 0.000021,5; 0.003931,6; 0.000000,4; 0.000000,1; 0.000000,2; 0.014527,2; 0.000939,4; 0.000019,4; 0.034778,1; 0.005220,4; 0.005330,7; 0.003894,6; 0.000096,2; 0.000199,3; 0.004593,4; 0.000034,2; 
television: 0.006129,6; 0.001019,7; 0.000000,8; 0.000015,8; 0.003359,6; 0.000429,7; 
quietly: 0.000199,6; 0.000306,8; 0.000812,8; 
anything: 0.000007,8; 0.060753,3; 0.106807,1; 0.005467,12; 0.000046,5; 
moon: 0.000099,7; 0.001197,5; 0.014665,1; 0.004324,6; 0.005248,5; 
frowning: 0.000244,3; 0.008256,3; 
driving: 0.000001,8; 0.000010,5; 0.001820,7; 0.000011,3; 0.001064,7; 0.000000,7; 0.010949,4; 0.009013,2; 0.019822,6; 0.000086,6; 0.000504,6; 0.001310,6; 0.000180,14; 0.031742,4; 0.000009,5; 0.022112,1; 0.080850,1; 0.080850,2; 0.006316,3; 0.000833,8; 0.060026,1; 0.001332,5; 
only: 0.000617,4; 0.004598,7; 0.000002,7; 0.000025,9; 0.002804,7; 0.005201,8; 0.006111,11; 0.011668,5; 0.003961,6; 0.008056,4; 0.018573,2; 0.003344,7; 0.004510,7; 0.006273,4; 0.019975,1; 0.001062,8; 0.025909,5; 
sleep: 0.000002,5; 0.000007,6; 0.000053,2; 0.000009,4; 0.000601,5; 0.003374,7; 0.069123,2; 
swimming: 0.000046,3; 0.000046,4; 0.033575,1; 0.000798,10; 0.008822,2; 0.040157,1; 0.000000,8; 0.000012,8; 0.000020,7; 0.000449,7; 0.000006,5; 0.000164,5; 0.000357,7; 0.000622,3; 0.000282,8; 0.000641,5; 0.001153,10; 0.005106,7; 0.002424,4; 0.000125,6; 0.000857,5; 0.000000,3; 0.019217,3; 0.000233,10; 0.000116,6; 0.000001,8; 0.000021,7; 0.012727,1; 0.000937,10; 0.000000,10; 0.050512,1; 0.015748,3; 0.000131,3; 0.000013,7; 0.006561,3; 0.000107,3; 0.022473,3; 0.043890,2; 0.009376,5; 0.009376,2; 0.000018,6; 0.000018,6; 0.000001,7; 0.003188,5; 0.019172,2; 0.019172,3; 0.004572,8; 0.003861,8; 0.001011,8; 0.001011,9; 0.002528,7; 0.001081,6; 0.014439,2; 0.020803,3; 0.000030,7; 0.001073,9; 0.000278,4; 0.033362,2; 0.000064,7; 0.003103,8; 0.000193,7; 
napping: 0.000422,5; 0.000055,5; 0.054068,1; 0.009955,2; 0.000151,5; 0.000019,12; 
sleeps: 0.000310,6; 0.000009,5; 0.004045,4; 0.001943,2; 0.000009,1; 0.000001,3; 0.107402,1; 0.001155,6; 0.079728,1; 0.000804,6; 0.000258,5; 
nap: 0.000007,6; 0.154676,1; 0.005166,4; 0.000019,4; 0.012617,7; 0.033717,4; 0.000357,6; 0.000039,7; 
inside: 0.019546,3; 0.035364,1; 0.007690,6; 0.000269,12; 0.000001,5; 0.000202,7; 0.039979,1; 0.002876,8; 0.003739,8; 0.000035,7; 0.000006,6; 0.026764,1; 0.000304,5; 0.016846,1; 0.019591,1; 0.019591,1; 0.001012,3; 0.000001,6; 0.000032,6; 0.000682,7; 0.000682,6; 0.001703,3; 0.000075,8; 0.003727,6; 0.003737,5; 0.000163,8; 0.028029,1; 0.040312,1; 0.003703,5; 0.083601,1; 0.000008,7; 0.003921,5; 0.000088,9; 0.000283,7; 0.002718,4; 0.000064,4; 0.000081,6; 0.000087,11; 0.000039,7; 0.000047,8; 0.000431,5; 0.009385,3; 0.003622,4; 0.002021,7; 0.000268,5; 0.000003,5; 0.008111,4; 0.054791,5; 0.015020,7; 0.008313,6; 0.005019,5; 0.037738,3; 0.000321,5; 0.080111,1; 0.080111,1; 0.000024,5; 0.000669,4; 0.006383,5; 0.004409,6; 0.000211,7; 0.045149,1; 0.000000,5; 0.011884,5; 0.001357,6; 0.000171,3; 
any: 0.017445,4; 0.004317,10; 0.019535,3; 0.000360,8; 
movie: 0.055437,3; 0.009581,3; 0.000001,7; 0.004418,7; 0.010768,4; 0.000035,13; 0.002146,5; 0.000099,10; 0.000488,8; 0.030734,1; 0.004307,4; 0.009717,3; 0.000000,6; 0.000069,6; 
eating: 0.000993,15; 0.000011,9; 0.000015,6; 0.000000,8; 0.000027,6; 0.000000,6; 0.000000,7; 0.000001,7; 0.000020,6; 0.040750,1; 0.003502,4; 0.000027,5; 0.002047,6; 0.053794,1; 0.000946,2; 0.000975,5; 0.001823,4; 0.004633,5; 0.003373,5; 0.001808,3; 0.047030,1; 0.000000,9; 0.004609,5; 0.001421,6; 0.000580,6; 0.001421,5; 0.000077,7; 0.013750,3; 0.004228,4; 0.000588,7; 0.000830,10; 0.004769,3; 0.017720,3; 0.000696,3; 0.001096,6; 0.002091,8; 0.002782,8; 0.013739,4; 0.003134,6; 0.007161,4; 0.001892,13; 0.001892,3; 0.000000,6; 0.009735,4; 0.000022,7; 0.000018,6; 0.000000,9; 0.043968,1; 0.043968,1; 0.000292,6; 0.000931,4; 0.000018,13; 0.000246,5; 0.016100,3; 0.000108,7; 0.000024,9; 0.003994,1; 0.000001,10; 0.005691,4; 0.000071,9; 0.000000,9; 0.000418,7; 0.000104,4; 0.001305,9; 0.001077,7; 0.001011,4; 0.003087,3; 0.098393,2; 0.000041,4; 0.003194,1; 
single: 0.012814,2; 0.042091,4; 0.000003,8; 0.000316,9; 0.001276,9; 0.005726,11; 
flying: 0.020909,2; 0.000976,6; 0.001805,8; 0.000313,6; 0.020737,3; 0.001755,6; 
living: 0.000000,8; 0.000000,9; 0.000302,7; 0.000017,9; 0.001914,8; 0.015080,2; 0.018537,4; 0.000167,9; 0.000009,10; 0.000009,9; 
laying: 0.029502,5; 0.000000,7; 0.009730,4; 0.000042,6; 0.000088,8; 0.000000,7; 0.004059,4; 0.000624,10; 0.018193,1; 0.000923,7; 0.000180,6; 0.000012,7; 0.007553,6; 0.017722,2; 0.000890,7; 0.000565,10; 0.063633,1; 0.002049,10; 0.000297,7; 0.003025,3; 
theater: 0.000002,5; 0.009614,4; 0.000010,17; 0.000940,6; 0.000023,8; 
desert: 0.019013,3; 0.000199,7; 0.007712,7; 0.005033,5; 0.008130,5; 0.016274,3; 0.003010,7; 0.021731,2; 0.000111,8; 0.000054,6; 
pizza: 0.066875,1; 0.066875,1; 0.000004,8; 0.000335,3; 0.008889,4; 0.074347,1; 0.074347,1; 0.022140,2; 0.000538,5; 0.001177,4; 0.000647,5; 
everyone: 0.024720,3; 0.090771,1; 0.000851,7; 0.000009,6; 0.051425,1; 
mars: 0.001300,7; 0.000109,4; 0.021878,1; 0.001282,6; 
shower: 0.026771,3; 0.000104,9; 0.001398,6; 0.001015,6; 0.003079,3; 
piano: 0.002599,4; 0.000176,2; 0.024310,2; 0.000017,9; 
dry: 0.001487,6; 0.004926,6; 0.128645,1; 0.015213,1; 0.002000,8; 0.007915,3; 0.000224,13; 
completely: 0.002302,12; 0.032612,2; 
home: 0.000502,6; 0.000000,7; 0.001863,7; 0.006605,4; 0.005176,7; 0.000029,5; 0.000078,8; 0.014430,5; 0.000530,11; 0.309370,1; 0.059721,1; 0.041948,3; 0.001211,7; 0.012408,2; 0.009542,3; 0.000057,6; 0.000004,6; 0.003549,5; 0.017804,2; 0.000002,11; 0.000563,8; 0.000563,10; 0.001038,5; 0.000117,8; 0.032458,3; 0.032458,2; 0.003526,9; 0.000000,7; 0.000016,10; 0.048570,4; 0.000553,18; 0.001882,5; 0.000997,9; 0.000001,11; 0.022413,7; 0.000040,5; 0.043542,3; 
crying: 0.025565,1; 0.000000,8; 0.007580,5; 0.001468,3; 0.000060,9; 0.008359,7; 0.000570,9; 0.000046,4; 0.017437,2; 
dead: 0.002007,3; 0.021068,3; 0.012743,3; 
room: 0.000000,5; 0.000941,7; 0.000455,10; 0.000035,6; 0.010676,6; 0.000013,11; 0.000006,10; 0.003764,5; 0.000552,5; 0.000097,5; 0.000713,7; 0.003499,6; 0.010656,2; 0.002743,3; 0.000046,6; 0.007150,4; 0.014014,3; 0.002303,5; 0.000034,13; 0.000163,14; 0.000000,12; 0.000365,8; 0.001797,11; 0.021120,4; 0.000432,8; 0.002953,4; 0.000130,10; 0.000012,9; 0.005203,4; 0.000024,7; 0.028412,10; 
video: 0.000001,9; 0.004685,5; 0.000436,6; 0.001104,8; 0.008990,6; 
fireplace: 0.000081,9; 0.002828,8; 
tea: 0.000020,11; 0.000001,5; 0.001193,6; 0.033447,2; 0.000715,9; 
not: 0.006801,6; 0.000012,7; 0.022348,2; 0.000001,3; 0.000026,7; 0.002028,5; 0.002961,6; 0.015847,1; 0.007697,2; 0.009332,5; 0.127029,1; 0.000009,11; 0.032280,2; 0.001416,7; 0.017589,6; 0.017052,4; 0.023862,2; 0.001304,10; 0.002302,10; 0.002043,6; 0.025928,2; 0.025928,8; 0.005195,6; 0.020389,7; 0.009362,3; 0.006512,8; 0.013209,3; 0.000191,6; 0.039400,2; 0.000186,4; 0.005571,6; 0.005781,6; 0.006498,8; 0.112330,1; 0.112330,1; 0.013137,7; 0.020736,2; 0.068874,1; 0.018128,2; 
library: 0.044458,1; 0.026215,2; 0.001059,2; 0.009936,7; 0.000848,7; 0.000189,7; 
games: 0.000002,6; 0.000000,10; 0.000488,5; 0.002219,6; 
bedroom: 0.001216,9; 0.000001,7; 0.000000,11; 0.000000,9; 0.000083,11; 0.000335,10; 0.000023,6; 0.008890,4; 0.000004,9; 
never: 0.043439,1; 0.100993,1; 0.012488,5; 
mall: 0.000001,9; 0.000905,8; 0.000905,7; 0.000001,10; 0.005154,6; 0.002831,6; 0.001911,4; 0.001361,13; 0.019626,3; 0.049074,1; 
office: 0.006700,6; 0.000005,8; 0.004817,3; 0.000002,8; 0.016127,2; 0.008791,2; 0.007993,5; 0.000391,8; 0.004024,7; 0.009957,2; 0.009957,3; 0.000095,10; 0.024965,1; 
silent: 
sofa: 
highway: 0.001579,9; 0.000066,8; 0.000602,5; 0.000012,10; 0.084731,1; 0.007518,6; 0.000283,10; 
plane: 0.000000,10; 0.002485,4; 0.000144,14; 0.001456,5; 0.159254,1; 0.009710,10; 0.000651,5; 0.009838,4; 0.010764,5; 0.067823,1; 0.067457,1; 0.064795,3; 0.007824,5; 
n't: 0.020259,6; 0.000178,2; 0.031109,1; 0.006713,10; 0.000021,13; 0.001165,5; 0.000622,7; 0.007825,10; 0.000142,16; 0.050779,1; 0.019232,5; 0.032028,2; 0.013283,10; 0.006082,5; 0.006454,8; 0.001396,6; 
drives: 0.006118,4; 0.001974,6; 
nude: 0.040112,1; 0.000202,4; 0.006044,5; 
sitting: 0.000077,9; 0.002289,7; 0.001663,15; 0.000134,7; 0.000934,7; 0.002339,7; 0.000935,10; 0.007593,5; 0.010371,2; 0.000037,8; 0.016352,4; 0.000608,9; 0.014399,4; 0.001204,5; 0.028284,5; 0.028284,5; 0.000004,9; 0.000000,9; 0.000003,9; 0.003652,4; 0.017642,1; 0.017642,3; 0.000798,11; 0.000192,8; 0.000533,7; 0.004217,5; 0.000608,14; 0.000234,8; 0.006512,4; 0.000038,9; 0.001271,7; 0.003193,10; 0.057645,1; 0.000000,8; 0.001160,4; 0.001160,5; 0.011855,6; 0.011855,3; 0.002400,5; 0.002400,6; 0.000761,5; 0.001774,6; 0.001774,4; 0.000122,9; 0.007154,7; 0.040429,3; 0.005279,4; 0.004183,1; 0.018798,1; 0.018798,2; 0.000743,5; 0.029812,4; 0.045051,1; 0.000572,5; 0.023417,2; 0.000018,8; 0.000283,10; 0.003250,4; 0.000324,7; 0.046949,2; 0.002065,9; 0.010772,3; 0.044994,2; 0.014288,2; 0.014288,3; 0.010008,3; 0.000118,8; 0.025083,1; 0.002218,2; 0.002244,8; 0.002244,7; 0.003311,6; 0.000801,8; 0.002366,6; 0.004700,6; 0.031863,1; 0.005480,7; 0.005480,6; 0.001443,11; 0.003053,12; 0.001459,9; 0.015005,2; 0.000070,7; 0.000070,7; 0.000626,8; 0.000000,6; 0.002519,5; 0.000059,13; 0.033393,1; 0.004701,3; 0.002981,4; 0.024199,4; 0.003704,5; 0.044868,2; 0.001656,7; 0.001482,10; 0.003562,6; 0.002696,5; 0.014026,3; 0.000025,8; 0.014253,2; 0.010185,6; 0.002458,8; 0.003105,3; 0.002202,10; 0.000100,11; 0.030990,1; 0.004583,8; 0.006996,5; 0.019440,5; 0.011515,4; 0.000063,6; 0.000063,7; 0.000063,8; 0.000046,11; 0.001142,5; 0.000017,8; 0.000017,7; 0.000402,8; 0.005837,4; 0.005837,8; 0.000076,7; 0.000530,11; 0.006794,16; 0.000031,5; 0.003890,7; 0.009487,7; 0.021551,4; 0.003350,6; 0.000048,9; 0.005032,7; 0.013053,13; 0.000050,8; 0.001214,6; 0.000644,5; 0.021169,2; 0.000015,8; 0.000048,7; 0.000010,11; 0.000231,9; 0.000656,15; 0.000656,8; 0.000465,11; 0.020615,1; 0.001657,12; 0.000782,4; 0.052314,1; 0.000871,8; 0.000871,9; 0.000799,8; 0.017331,3; 0.000112,8; 0.018173,4; 0.025561,3; 0.002030,7; 0.002708,5; 0.028611,5; 0.000027,8; 0.000630,7; 0.000630,8; 0.000300,7; 
movies: 0.000001,6; 
garage: 0.000200,10; 0.000111,8; 0.070738,1; 0.000008,12; 0.000010,9; 0.006535,4; 0.029117,4; 
space: 0.001719,6; 0.007346,2; 0.001405,5; 
porch: 0.000004,9; 0.000001,11; 0.000930,6; 
chases: 0.012837,3; 0.000012,7; 0.002024,5; 0.012269,6; 0.013917,1; 0.002503,6; 
chess: 0.002520,4; 0.005832,9; 
closed: 0.024210,2; 0.063651,1; 
airplane: 0.000064,6; 0.000000,5; 0.001430,8; 
basement: 0.000001,7; 
beds: 0.000001,10; 0.002285,6; 
sits: 0.000870,5; 0.004654,7; 0.000006,8; 0.021314,3; 0.088012,1; 0.000001,6; 0.016320,3; 0.005382,4; 0.003402,11; 0.003402,13; 0.002568,12; 0.000168,4; 0.000000,9; 0.000001,5; 0.057864,1; 0.000238,8; 0.000217,8; 0.004822,8; 0.001174,5; 0.003784,7; 0.013819,5; 0.027259,2; 0.004063,2; 0.011731,1; 0.002564,7; 0.002243,5; 0.002041,8; 0.025455,1; 0.003592,6; 0.003069,6; 0.106348,1; 0.106348,1; 0.000010,7; 
watching: 0.031277,3; 0.000348,7; 0.000044,7; 0.030248,4; 0.007093,4; 0.035713,1; 0.000004,6; 0.000327,6; 0.000028,6; 0.001919,7; 0.000000,6; 0.000411,9; 0.000010,9; 0.001817,10; 0.001365,10; 0.000369,14; 0.000586,8; 0.005092,5; 0.000000,10; 0.000034,7; 0.000000,6; 0.000089,7; 0.000295,6; 0.000025,5; 0.000381,9; 0.000177,9; 0.001046,7; 0.000027,10; 0.010976,5; 0.000642,7; 0.071710,4; 0.022787,3; 0.000050,6; 0.000560,7; 0.000003,7; 0.001540,4; 0.001490,4; 0.009530,7; 0.000039,8; 0.017034,4; 0.003101,6; 0.135073,1; 0.000016,5; 0.000331,10; 0.031910,3; 0.031910,1; 0.000021,8; 0.000000,7; 0.000224,6; 0.046759,3; 
throwing: 0.000270,6; 0.000013,6; 0.000292,7; 0.012600,4; 0.000045,7; 0.005882,6; 0.001231,7; 0.000061,8; 0.002886,4; 
baking: 0.004433,5; 0.005674,9; 
car: 0.000000,4; 0.000002,5; 0.006164,6; 0.000000,10; 0.033439,3; 0.000026,7; 0.003506,6; 0.002229,7; 0.000006,4; 0.002234,8; 0.000584,7; 0.000584,6; 0.017068,2; 0.011335,7; 0.004605,5; 0.132323,1; 0.009390,6; 0.000193,4; 0.000207,7; 0.026955,1; 0.026955,2; 0.006920,3; 0.000782,7; 0.000782,10; 0.000305,7; 0.005527,6; 0.000021,7; 0.000220,8; 0.003496,7; 0.000021,7; 0.000285,5; 0.009529,6; 0.000000,9; 0.037184,4; 0.000284,11; 0.000241,12; 0.002372,8; 0.044102,3; 0.014430,7; 0.000546,9; 0.010518,7; 0.001443,4; 0.006012,6; 0.001560,7; 0.000936,15; 0.004870,5; 0.001487,5; 0.012582,2; 0.006016,8; 0.000284,10; 0.000741,10; 0.000760,9; 0.019327,3; 0.000370,6; 0.000370,9; 0.007810,11; 0.000130,5; 0.029348,2; 0.000098,5; 0.025091,2; 
sunbathing: 0.009292,6; 
away: 0.024537,6; 0.001710,7; 0.001802,6; 0.012557,2; 0.002866,7; 0.014439,6; 0.000000,7; 0.000053,9; 0.001705,6; 0.013073,4; 0.003529,8; 0.002823,10; 0.005413,6; 0.009802,4; 0.004648,6; 0.000991,8; 0.002283,12; 0.008351,11; 0.013657,6; 
sandwich: 0.003466,7; 0.000298,6; 
swims: 0.315446,1; 0.000817,8; 0.040966,1; 0.000014,5; 0.013076,3; 
basketball: 0.023960,1; 0.003093,5; 0.001410,5; 0.000008,6; 0.000000,7; 0.000026,6; 0.000017,3; 0.000025,6; 0.000768,10; 0.000994,5; 0.005342,5; 0.005342,6; 0.038924,2; 0.002725,6; 0.001158,1; 0.026474,5; 0.011424,3; 0.028108,1; 0.000131,6; 0.000002,7; 0.000072,5; 0.001248,5; 0.013254,2; 0.029599,1; 0.128443,1; 0.005984,7; 0.027001,4; 0.002226,8; 0.002186,5; 0.000055,6; 0.000000,5; 0.000000,8; 0.000418,5; 0.010991,2; 
flute: 0.003352,7; 0.060304,1; 
indoors: 0.005341,3; 0.005341,3; 0.001612,1; 0.000001,8; 0.000003,7; 0.012640,3; 0.016112,1; 0.033861,2; 0.000036,5; 0.000168,5; 0.002395,4; 0.001811,8; 0.038787,1; 0.011369,6; 0.006033,5; 
poker: 0.000215,6; 0.000246,4; 
still: 0.000831,6; 0.000363,8; 0.000483,7; 0.000576,5; 0.006430,5; 0.003374,6; 0.000447,9; 0.001391,6; 
bathtub: 0.000266,13; 0.002522,6; 
crib: 0.000004,6; 0.000061,5; 
bar: 0.000831,9; 0.022797,4; 0.000626,10; 0.002976,6; 0.014185,5; 0.012654,6; 0.005626,7; 0.000069,6; 0.003947,5; 0.000074,10; 0.001348,14; 0.000573,9; 
jogging: 0.002180,6; 0.000046,4; 0.001417,5; 0.010406,2; 0.000551,7; 0.008540,3; 0.000246,10; 0.005725,4; 
fighting: 0.014525,3; 0.006125,4; 0.002792,2; 0.003672,8; 0.006396,7; 0.009050,3; 0.001640,6; 0.001964,1; 0.018966,2; 0.003211,4; 0.000094,5; 
silently: 0.018672,5; 0.003724,4; 0.000066,9; 0.001537,5; 
lying: 0.003274,6; 0.002599,4; 0.001535,3; 0.000106,9; 0.000001,7; 
house: 0.000004,7; 0.006235,4; 0.016776,3; 0.008323,9; 0.000375,6; 0.000003,7; 0.000146,11; 0.000443,4; 0.000001,12; 0.000146,6; 0.006291,6; 0.005188,6; 0.014099,3; 0.009530,6; 0.002953,7; 0.017532,7; 0.000495,7; 0.002864,5; 0.000006,7; 0.016549,1; 0.070559,1; 0.001402,11; 0.006532,5; 0.001853,6; 0.000011,7; 0.000275,8; 0.000265,8; 0.000397,7; 
deserted: 0.000166,8; 
bath: 0.000000,7; 0.000400,8; 0.015193,2; 0.028563,2; 
solid: 