
a+: 
abound: 0.000000765,18;
abounds: 
abundance: 
abundant: 0.000028531,9;
accessable: 
accessible: 0.000000064,14;0.000000013,25;0.000068644,7;0.000000653,22;0.000013859,9;0.000239508,4;
acclaim: 0.000000004,29;
acclaimed: 0.000164404,1;
acclamation: 
accolade: 
accolades: 
accommodative: 
accomodative: 
accomplish: 0.000093603,5;0.000019824,14;
accomplished: 0.000002079,8;0.000000114,26;0.000030251,5;0.000067606,4;0.000012465,18;0.000013900,12;0.000302620,1;
accomplishment: 0.000153829,9;
accomplishments: 0.000188072,5;
accurate: 0.000000232,11;0.000001680,31;
accurately: 0.000266677,17;0.000001128,18;
achievable: 
achievement: 0.000000354,21;0.000001490,24;0.000103868,3;0.000002139,15;0.000000124,31;0.000097083,2;
achievements: 0.000004197,16;0.000039130,9;
achievible: 
acumen: 0.002111629,6;
adaptable: 
adaptive: 
adequate: 0.000007804,11;
adjustable: 
admirable: 0.000023575,2;0.000001965,5;0.000001166,13;0.000554132,2;0.000004630,24;
admirably: 0.000001013,16;0.000001534,21;
admiration: 
admire: 0.000001594,17;0.000002873,20;0.000005490,13;
admirer: 
admiring: 
admiringly: 
adorable: 0.000000619,20;0.000466070,2;
adore: 
adored: 
adorer: 
adoring: 0.000097215,3;
adoringly: 
adroit: 
adroitly: 
adulate: 
adulation: 
adulatory: 
advanced: 
advantage: 0.000000972,3;0.000000153,15;
advantageous: 
advantageously: 
advantages: 
adventuresome: 
adventurous: 0.000000068,25;0.000000524,8;0.000016792,9;0.000004462,25;0.000516526,1;
advocate: 
advocated: 
advocates: 
affability: 
affable: 0.000000083,34;0.000002569,15;
affably: 
affectation: 
affection: 0.000003153,10;0.000015135,9;0.000009997,8;0.000006304,6;0.000000072,17;0.000000429,9;0.000041410,6;0.000620413,2;0.000236195,7;
affectionate: 0.000787935,2;0.000031417,4;
affinity: 
affirm: 0.000010346,16;
affirmation: 
affirmative: 
affluence: 0.000198471,12;
affluent: 
afford: 0.000000015,20;0.000010994,17;
affordable: 
affordably: 
afordable: 
agile: 
agilely: 
agility: 
agreeable: 
agreeableness: 
agreeably: 0.000000101,16;
all-around: 0.000005082,7;
alluring: 0.000019278,18;0.000657217,1;0.000000566,28;
alluringly: 
altruistic: 
altruistically: 
amaze: 0.000594390,2;
amazed: 
amazement: 
amazes: 
amazing: 0.000005895,6;0.000338386,1;0.000338386,1;0.000015019,7;0.025215117,1;0.000042469,24;0.000104849,5;0.000005977,13;0.000000053,34;0.000063266,7;0.000008578,15;0.000000436,19;
amazingly: 0.000020769,16;0.000013667,13;
ambitious: 0.000000439,12;0.000076462,10;0.000076462,9;0.000076462,10;0.000000444,29;0.000000086,23;0.000082491,2;0.000031028,15;0.000002614,24;0.000713140,1;0.000084833,4;0.000025876,7;0.000001126,33;
ambitiously: 0.000004620,14;
ameliorate: 
amenable: 
amenity: 
amiability: 
amiabily: 
amiable: 0.000000637,24;0.000006634,9;0.000058865,17;
amicability: 
amicable: 0.000139463,1;
amicably: 
amity: 
ample: 0.000002505,16;
amply: 
amuse: 0.000000276,21;
amusing: 0.000000571,11;0.000006678,10;0.000000399,19;0.000000024,28;0.000000324,15;0.000000077,23;0.000016299,7;0.000000023,25;0.001496637,4;0.000005241,13;0.000117141,7;0.000082139,7;0.000172211,5;0.000224592,6;0.000224592,6;0.000289764,2;0.000313134,2;0.000044193,8;0.000087142,9;0.000003591,20;0.000262000,4;0.000144081,1;0.000000732,22;
amusingly: 
angel: 0.000000238,22;0.000040502,12;0.000000736,27;0.000127263,3;
angelic: 
apotheosis: 
appeal: 0.000002660,6;0.000350367,11;0.000034710,10;0.000000635,17;0.000000148,26;0.000099799,6;0.000099799,3;0.000010231,18;0.000069984,8;0.000001726,20;0.000000025,24;0.000000003,41;
appealing: 0.000036613,12;0.000083839,5;0.000002121,9;0.000037459,3;0.000000246,7;0.000000132,20;0.000005075,22;0.000027815,19;0.001279032,1;0.000011811,30;0.000066913,14;0.000070769,9;0.000457749,2;0.000318143,1;0.000008483,14;
applaud: 
appreciable: 
appreciate: 0.000000138,12;0.000000909,5;0.000189907,2;0.000020125,8;0.000026641,11;
appreciated: 0.000000748,21;0.000000664,20;
appreciates: 0.000000235,13;
appreciative: 
appreciatively: 
appropriate: 0.000000701,13;0.000000967,11;0.000004674,5;
approval: 
approve: 
ardent: 0.000001188,17;
ardently: 
ardor: 0.000191767,2;
articulate: 0.000000243,9;0.000031945,12;
aspiration: 
aspirations: 0.000040315,8;
aspire: 
assurance: 0.000000003,30;
assurances: 
assure: 
assuredly: 0.000000538,16;
assuring: 
astonish: 0.000000815,11;
astonished: 
astonishing: 0.000313433,9;0.000001319,15;0.000001559,7;0.000188221,8;0.000002862,15;0.000000076,28;
astonishingly: 0.000000090,6;0.000000246,8;0.000000246,8;0.000004502,17;
astonishment: 
astound: 
astounded: 
astounding: 0.000000016,19;0.000000041,22;0.000006700,22;
astoundingly: 0.000008192,10;
astutely: 
attentive: 0.000191908,4;
attraction: 0.000007971,6;0.000000010,30;0.000679982,12;0.000000523,20;0.000013054,15;
attractive: 0.000000602,10;0.000372764,9;0.000001777,24;0.000054632,5;
attractively: 
attune: 
audible: 
audibly: 
auspicious: 0.000022472,5;
authentic: 0.000002794,6;0.000000810,12;0.000010301,18;0.000027188,11;
authoritative: 
autonomous: 
available: 0.000001470,24;
aver: 
avid: 
avidly: 
award: 0.000199629,4;0.000005763,16;
awarded: 0.000114014,16;
awards: 0.000000324,17;0.000068730,9;0.000002616,20;
awe: 0.000000201,18;0.000000129,13;0.000339625,1;
awed: 0.000000925,22;
awesome: 0.000019753,5;0.000128447,1;
awesomely: 
awesomeness: 
awestruck: 
awsome: 
backbone: 0.000073814,6;
balanced: 0.000000828,14;0.000010267,17;
bargain: 
beauteous: 
beautiful: 0.000045997,15;0.000000124,21;0.000001299,6;0.000004587,11;0.000000804,17;0.000000095,16;0.000000014,22;0.000000051,12;0.000000008,29;0.000000025,17;0.000000463,11;0.000000216,23;0.000115737,1;0.000087057,11;0.001195692,7;0.000076818,15;0.000687186,6;0.000108044,7;0.000019526,10;0.000001313,23;0.000095799,2;0.000006832,7;0.000000642,15;0.000000668,16;0.000000102,28;0.000017806,15;0.000080867,5;0.000351243,2;0.000089931,8;0.000012231,14;0.000003619,20;0.000032423,6;
beautifullly: 
beautifully: 0.000031366,3;0.000031366,2;0.000055656,3;0.000012193,7;0.000012193,10;0.000001607,11;0.000017966,2;0.000001592,8;0.000000357,9;0.000000150,11;0.000212624,2;0.000001084,6;0.000747754,9;0.000363844,11;0.001400665,9;0.000000640,24;0.000256723,2;0.000021821,11;0.000076932,1;0.000001415,27;0.000007528,19;0.000000265,34;0.000410599,2;0.000410599,2;0.000007289,27;0.000025785,15;0.000045656,19;0.000000198,32;0.000225335,3;0.000225335,2;0.000001350,24;0.000116390,4;0.000647475,1;0.000206094,2;0.000057421,12;0.000000098,28;
beautify: 
beauty: 0.000000196,11;0.000004896,4;0.000001734,19;0.000028771,10;0.000028771,9;0.000009083,9;0.000004761,8;0.000000935,9;0.000000286,28;0.000012001,11;0.000052557,6;0.000067768,6;0.000010287,15;0.000085065,10;0.000023426,11;0.000148567,7;0.000060548,9;0.000002269,13;
beckon: 
beckoned: 
beckoning: 
beckons: 0.000197055,2;
believable: 0.000016722,2;0.000060066,2;0.000060066,2;0.000002725,13;0.000022084,6;0.000001577,7;0.000097218,7;0.000132478,1;0.000005971,25;0.000063029,9;0.000203274,2;
believeable: 
beloved: 0.000010493,15;
benefactor: 
beneficent: 
beneficial: 
beneficially: 
beneficiary: 
benefit: 0.000000087,26;0.000001609,24;0.000040399,13;0.000029741,4;
benefits: 0.000158906,26;0.000034384,20;
benevolence: 
benevolent: 
benifits: 
best: 0.000012374,11;0.000000718,10;0.000000124,19;0.000000291,10;0.000000291,14;0.000009000,2;0.000009000,1;0.000015607,2;0.000010498,7;0.000000551,17;0.000000551,20;0.000001795,16;0.000002940,15;0.000017633,2;0.000017633,2;0.000000296,23;0.000007797,7;0.000003495,12;0.000003495,13;0.000025119,3;0.000024048,5;0.000013356,5;0.000000511,8;0.000000014,26;0.000000139,15;0.000000642,15;0.000000642,5;0.000033699,1;0.000033699,2;0.000000031,21;0.000000004,35;0.000001427,16;0.000000040,16;0.000002082,8;0.000000284,14;0.000003090,11;0.002184464,10;0.002869854,7;0.000001419,25;0.005317399,2;0.000098840,8;0.001966995,6;0.000007740,16;0.000066105,8;0.000065484,7;0.000025709,13;0.000068641,12;0.000068641,5;0.000065235,11;0.000047554,10;0.000047554,15;0.000170258,11;0.000170258,9;0.000001688,27;0.000005526,19;0.000015235,16;0.000000521,19;0.000179747,2;0.000001838,15;0.000000006,40;0.000001188,17;0.000016008,8;0.000144407,1;0.000000353,23;0.000001823,23;0.000001823,24;0.000032409,6;0.000075211,4;0.000075211,6;0.000068425,6;0.000002701,29;0.000035269,16;0.000035269,9;0.000162202,6;0.000139144,15;0.000139144,16;0.000139144,8;0.000029935,10;0.000000990,26;0.000168900,3;0.000013545,11;0.000046689,6;0.000004774,15;0.000007086,14;0.000026553,12;0.000196843,4;0.000057579,9;0.000004910,31;0.000043989,13;0.000000270,36;0.000246921,4;0.000325314,3;0.000253635,2;0.000253635,2;0.000253635,2;0.000008106,23;0.000181749,11;0.000000008,25;0.000000068,28;0.000002435,14;0.000005436,8;0.000122745,1;0.000000246,25;0.000074363,1;0.000000406,17;
best-known: 0.000010497,5;
best-performing: 
best-selling: 
better: 0.000037426,22;0.000016069,17;0.000000224,20;0.000000241,18;0.000000016,37;0.000000013,23;0.000000002,33;0.000060592,4;0.000014000,9;0.000036356,11;0.000000215,16;0.000000045,25;0.000061449,17;0.000054456,34;0.001030423,17;0.000795079,7;0.000077853,18;0.000000358,28;0.000011900,23;0.000000068,44;0.000006608,10;0.000006608,11;0.000002280,22;0.000004654,7;0.000056831,8;0.000000652,23;0.000005538,17;0.000045928,5;0.000000336,32;0.000134415,3;0.000134415,3;0.000000036,27;0.000012340,10;0.000006355,11;0.000006813,25;0.000002937,24;0.000000177,9;0.000039234,3;0.000003186,13;0.000003324,8;0.000001716,20;0.000000267,30;0.000002812,10;0.000003045,11;0.000013824,6;
better-known: 
better-than-expected: 
beutifully: 
blameless: 
bless: 0.000000432,19;
blessing: 
bliss: 0.000000479,19;
blissful: 
blissfully: 
blithe: 0.000066490,6;0.000006086,12;
blockbuster: 0.000004920,6;0.000002567,17;0.000009867,21;
bloom: 
blossom: 
bolster: 0.000000048,22;
bonny: 
bonus: 0.000003113,41;
bonuses: 
boom: 
booming: 
boost: 0.000347936,2;0.000056971,8;
boundless: 
bountiful: 
brainiest: 
brainy: 
brand-new: 0.000314338,8;
brave: 0.000030065,11;0.000114507,11;0.000192216,2;
bravery: 0.000023020,10;0.000000066,37;0.000117764,12;
bravo: 0.000000114,14;0.000001128,25;
breakthrough: 0.000069007,5;0.000012028,10;0.000094008,6;
breakthroughs: 
breathlessness: 
breathtaking: 0.000059631,9;0.000023107,11;0.000004025,18;0.000003227,20;0.002316986,1;0.002316986,1;0.000017410,17;
breathtakingly: 0.000008974,3;0.000001815,12;0.000005981,20;0.000060680,10;
breeze: 
bright: 0.000002544,7;0.000000025,19;0.000000060,14;0.000027394,6;0.000009548,21;0.000049116,6;0.000163253,4;
brighten: 
brighter: 
brightest: 
brilliance: 0.000000036,28;
brilliances: 
brilliant: 0.000091937,3;0.000019688,6;0.000053256,3;0.000000419,24;0.000000012,33;0.000004187,3;0.000356026,1;0.000000069,20;0.000172097,1;0.000005635,4;0.000001316,23;0.000000711,23;0.000404570,2;0.000076997,8;0.000004154,17;0.000442300,1;0.000001811,23;0.001034999,1;0.001034999,2;
brilliantly: 0.000000589,11;0.000000027,14;0.000003048,5;0.000003131,5;0.002377219,2;0.000093864,3;
brisk: 0.000000692,14;0.000001692,7;
brotherly: 
bullish: 
buoyant: 0.000000034,30;0.000002846,9;0.001036714,6;0.000240496,1;0.000028160,17;0.000276311,2;
cajole: 
calm: 0.000000011,24;0.000031275,31;
calming: 
calmness: 
capability: 0.000006166,8;0.000003682,9;0.000045631,10;
capable: 0.000000641,21;0.000000652,16;0.000000034,37;0.002385643,3;
capably: 
captivate: 
captivating: 0.000000056,12;0.000000017,26;0.000258629,1;0.000002230,14;0.000000516,7;0.000000495,22;0.000092172,2;
carefree: 
cashback: 
cashbacks: 
catchy: 
celebrate: 0.000002075,18;
celebrated: 0.000258634,16;
celebration: 0.000008006,11;0.000001320,20;0.000018097,12;
celebratory: 0.000891169,1;
champ: 
champion: 0.000127160,7;0.000008511,10;
charisma: 0.000000030,39;0.000053929,6;0.000026580,13;0.000007626,24;
charismatic: 0.000000052,32;0.000000582,15;0.000078506,7;0.000123689,4;
charitable: 
charm: 0.001456401,7;0.004038718,2;0.000000389,8;0.000001411,17;0.000000420,5;0.000261445,2;0.001827258,3;0.000002778,19;0.000014055,23;0.000072489,5;0.000168540,1;0.000055071,10;0.000000416,26;0.000037906,13;0.000015856,11;0.000363881,4;0.000023515,6;0.000359385,1;0.001331427,1;0.000034716,19;0.000357431,1;0.000034110,6;0.000000871,24;
charming: 0.007966639,2;0.000276264,1;0.000001274,15;0.000011144,5;0.000004907,3;0.000000271,9;0.000000244,22;0.000003589,9;0.000083092,6;0.000000790,10;0.000000085,16;0.001967608,2;0.000615603,2;0.000299386,2;0.000299386,3;0.000082517,5;0.000130422,6;0.000233432,2;0.000004167,13;0.000004414,28;0.000126934,5;0.000003553,18;0.000166701,2;0.000510062,2;0.000010823,22;0.000005793,27;0.000382307,1;0.000085531,7;0.000000003,28;0.000017324,6;
charmingly: 
chaste: 
cheaper: 0.000028799,7;
cheapest: 
cheer: 0.000000030,12;0.001854679,8;
cheerful: 
cheery: 0.000126308,11;
cherish: 0.000000328,31;0.000021437,9;
cherished: 0.000821659,3;
cherub: 
chic: 
chivalrous: 
chivalry: 
civility: 
civilize: 
clarity: 0.000000054,27;0.000001600,11;0.000150763,6;0.000584125,1;0.000270743,4;0.000084694,6;
classic: 0.000001926,17;0.000007071,4;0.000000180,14;0.000002967,20;0.000012307,11;0.000007219,7;0.000001113,26;0.000006189,22;0.000000937,25;0.000457011,4;0.000005961,8;0.000003223,11;
classy: 0.000012021,5;
clean: 
cleaner: 
cleanest: 
cleanliness: 
cleanly: 
clear: 0.000000070,29;0.000082760,5;0.000013320,27;0.000725942,5;0.000000253,24;0.000000037,32;0.000024622,25;
clear-cut: 0.000022901,11;
cleared: 
clearer: 
clearly: 0.000009420,10;0.000000004,27;0.000050098,12;0.000042412,18;0.000044283,9;
clears: 
clever: 0.000000206,13;0.000006292,16;0.000041271,2;0.000002921,5;0.000000008,27;0.000247688,8;0.000043034,25;0.003584912,5;0.003584912,6;0.000056136,14;0.000139374,13;0.000000596,28;0.000010111,13;0.000003435,14;0.000009292,27;0.000161047,5;0.000013482,14;0.000003687,15;0.000257825,4;0.000257825,2;0.000161016,4;0.000292178,4;0.000000269,25;0.000001775,5;0.000195713,2;
cleverly: 0.000002011,26;0.000027292,12;0.000030870,12;
cohere: 
coherence: 
coherent: 0.000000125,14;
cohesive: 0.000000032,16;0.000099189,5;
colorful: 0.000000327,13;0.000000379,22;0.000000210,19;0.000000406,14;0.000025487,25;0.001009100,7;0.000001450,20;0.000001340,15;0.000000613,23;0.000000949,21;0.000023000,14;0.000303751,4;0.000004484,13;
comely: 
comfort: 0.000000316,8;0.000000005,16;0.001431165,6;0.000015612,20;
comfortable: 0.000000232,11;0.000000018,22;0.000009548,13;0.000222145,2;0.000157333,3;
comfortably: 
comforting: 0.000019334,12;
comfy: 
commend: 0.000109530,8;
commendable: 
commendably: 
commitment: 
commodious: 
compact: 
compactly: 
compassion: 0.000000147,14;0.000000225,20;0.000008473,20;0.000246352,1;0.000016847,25;
compassionate: 0.000019938,18;0.000004536,17;
compatible: 0.002758665,12;
competitive: 
complement: 
complementary: 
complemented: 
complements: 
compliant: 
compliment: 0.000000296,30;
complimentary: 
comprehensive: 
conciliate: 
conciliatory: 
concise: 
confidence: 0.000005684,17;0.000005684,20;0.000012764,12;0.000178937,5;
confident: 0.000000239,12;0.000001077,21;0.000119963,4;0.000000045,17;0.000000407,11;0.000031359,14;
congenial: 
congratulate: 
congratulation: 
congratulations: 
congratulatory: 
conscientious: 
considerate: 
consistent: 0.000317097,19;0.000022150,15;
consistently: 0.000002895,8;0.000000061,14;0.000000930,11;0.000178473,8;0.000012223,15;0.000012223,16;0.000129032,5;0.000318162,3;0.000048114,8;0.000627531,2;
constructive: 
consummate: 0.000010865,9;0.000004257,14;
contentment: 
continuity: 
contrasty: 
contribution: 0.000000924,18;0.000000000,35;
convenience: 0.000082884,3;
convenient: 
conveniently: 
convience: 
convienient: 
convient: 
convincing: 0.000001353,13;0.000000070,25;0.000000230,19;0.000001105,7;0.000000354,12;0.000087766,17;0.000465111,13;0.000016970,9;0.000007952,32;0.000029918,10;0.000022845,9;
convincingly: 0.000758177,8;0.000651174,1;
cool: 0.000000004,35;0.000061568,5;0.000061568,5;0.001691776,1;0.000004056,9;0.000000007,17;0.000000025,21;0.000024982,3;0.000001390,24;0.000008453,14;0.000001925,19;0.000000022,41;0.000005036,8;0.000022569,17;0.000009911,14;
coolest: 
cooperative: 
cooperatively: 
cornerstone: 
correct: 
correctly: 0.000005140,14;
cost-effective: 
cost-saving: 
counter-attack: 
counter-attacks: 
courage: 0.000000411,22;0.000236867,6;0.000000745,21;0.000013719,16;0.000011422,8;0.000096264,5;
courageous: 0.000001326,14;0.000010411,12;
courageously: 
courageousness: 0.000133420,2;
courteous: 
courtly: 
covenant: 
cozy: 
creative: 0.000188617,11;0.000000174,13;0.000000174,25;0.000003261,9;0.000000991,9;0.000000450,11;0.000000536,24;0.000001281,15;0.000013721,21;0.000062040,7;0.000162002,1;0.000384087,2;0.000000351,27;
credence: 
credible: 0.000012184,4;0.000022541,5;0.000013590,13;
crisp: 0.000036390,19;0.000000275,12;0.000169073,5;0.000094293,8;0.000028987,8;0.000002667,18;0.000001291,14;0.000000221,29;
crisper: 0.000001872,20;
cure: 0.000076392,5;
cure-all: 
cushy: 
cute: 0.000278964,14;0.000008356,32;0.000000933,25;0.000310928,2;0.001114586,2;
cuteness: 0.000114737,15;0.000000618,27;
danke: 
danken: 
daring: 0.000250464,11;0.000082010,2;0.000531798,1;0.000002976,28;
daringly: 0.000000384,22;
darling: 0.000000077,42;0.000011695,6;0.000000020,22;
dashing: 0.000001558,6;0.000005653,31;
dauntless: 
dawn: 0.000138974,9;
dazzle: 0.000002978,20;
dazzled: 
dazzling: 0.000000759,14;0.000010634,5;0.000003322,16;0.000001638,6;0.000023174,28;0.000004272,17;0.000239964,2;0.000271096,1;0.000004252,15;0.000013590,13;
dead-cheap: 
dead-on: 0.000127598,2;
decency: 0.000164286,4;0.000005962,8;
decent: 0.000005437,16;0.000019745,5;0.000019745,8;0.000003590,11;0.000022336,14;0.000005223,25;0.000050311,7;0.000017992,13;0.000005300,6;0.000000082,19;
decisive: 0.000006432,22;
decisiveness: 
dedicated: 0.000001328,10;
defeat: 
defeated: 0.000002643,6;
defeating: 
defeats: 
defender: 
deference: 
deft: 0.000018869,4;0.000000143,23;0.000001677,5;0.000001147,9;0.000023254,12;0.000136431,2;0.000293062,2;0.000017298,12;
deginified: 
delectable: 0.000207795,1;0.000078057,6;
delicacy: 
delicate: 0.000000219,29;0.000000942,6;0.000000482,12;0.000266035,10;0.000278623,5;0.000189312,2;0.000004663,28;0.000023197,14;0.000254587,2;0.000057294,12;0.000002639,25;0.000303885,1;
delicious: 0.000001051,9;0.000010118,8;0.000000632,22;0.000000184,15;0.000030435,7;0.000038789,20;
delight: 0.000000824,13;0.000068068,14;0.000255239,1;0.000091688,6;0.000003087,19;0.000020573,21;0.000145498,6;0.000131583,3;0.000317576,1;0.000000336,6;
delighted: 0.000077655,7;
delightful: 0.000055233,2;0.000521446,1;0.000000990,14;0.000001637,16;0.000000259,17;0.000006128,2;0.000000202,11;0.000101240,1;0.000000012,28;0.000002478,9;0.000426147,2;0.000000080,29;0.000014098,14;0.000089076,8;0.000096617,3;0.000040834,7;0.000636777,1;0.000162281,4;0.000029024,19;
delightfully: 0.000101587,2;0.000032364,2;0.000006625,10;0.000000247,21;0.022905681,1;0.000045192,18;0.000128779,3;
delightfulness: 
dependable: 
dependably: 
deservedly: 
deserving: 0.000440932,3;
desirable: 0.000011513,15;
desiring: 
desirous: 
destiny: 0.000000517,15;
detachable: 
devout: 
dexterous: 
dexterously: 
dextrous: 
dignified: 
dignify: 
dignity: 0.000003037,13;0.000011944,5;0.000030142,8;0.000003128,19;0.000012935,16;
diligence: 
diligent: 
diligently: 
diplomatic: 
dirt-cheap: 
distinction: 
distinctive: 0.001551414,6;0.000030084,14;0.000060658,7;0.000013453,12;
distinguished: 0.000004831,10;0.000000123,21;0.000022622,13;
diversified: 
divine: 0.000001425,14;0.000000314,12;0.000000233,15;0.000011339,21;
divinely: 
dominate: 0.000002058,11;
dominated: 0.000000037,36;
dominates: 
dote: 
dotingly: 
doubtless: 
dreamland: 
dumbfounded: 
dumbfounding: 
dummy-proof: 
durable: 0.000001369,24;
dynamic: 
eager: 0.000026936,4;0.000001488,26;
eagerly: 
eagerness: 0.000002006,30;
earnest: 0.000042302,22;0.000000772,19;0.000000678,9;0.000000099,15;0.000000515,15;0.000000535,24;0.000001082,23;0.000000325,25;0.000003739,16;0.000007777,16;0.002390370,1;0.000000109,26;0.000009390,7;
earnestly: 
earnestness: 0.000000538,24;0.000000029,18;0.000178770,12;
ease: 0.000002098,12;0.001529708,5;0.000020593,10;
eased: 
eases: 
easier: 0.000000073,28;0.000002629,27;
easiest: 
easiness: 
easing: 
easy: 0.000000085,26;0.000001544,14;0.000000329,14;0.000100843,13;0.000004017,16;0.000010246,14;0.000006928,7;0.000000347,21;0.000086009,5;0.000011000,18;0.000011000,13;0.000011000,15;0.000151255,4;0.000063560,8;0.000004333,20;0.000004333,23;0.000001343,8;0.000000084,29;
easy-to-use: 
easygoing: 
ebullience: 
ebullient: 0.000001312,19;0.000794571,1;
ebulliently: 
ecenomical: 
economical: 0.000001102,28;0.000002148,13;
ecstasies: 
ecstasy: 0.000288701,1;
ecstatic: 
ecstatically: 
edify: 
educated: 
effective: 0.000007694,2;0.000007694,6;0.000000016,23;0.000006288,9;0.000000280,13;0.000004460,22;0.000055948,5;0.000033380,15;0.000267587,4;0.000000811,22;
effectively: 0.000002082,18;0.000006493,18;0.000003509,25;
effectiveness: 0.000417133,6;
effectual: 
efficacious: 
efficient: 0.000027831,4;0.000000005,45;
efficiently: 0.000100273,6;
effortless: 0.000001757,12;0.000157073,2;
effortlessly: 0.000000770,6;0.000064840,4;0.000080134,4;0.000466192,1;
effusion: 
effusive: 
effusively: 
effusiveness: 
elan: 
elate: 
elated: 
elatedly: 
elation: 
electrify: 
elegance: 0.000000117,12;0.000164820,17;0.000026001,8;
elegant: 0.000154366,2;0.000004470,8;0.000000027,22;0.000011061,2;0.000107500,6;0.000026614,10;0.000001453,15;0.000126594,1;0.000040412,9;0.000000130,26;0.000089918,5;
elegantly: 0.000004483,5;0.000000036,20;0.000019594,15;0.000002596,18;
elevate: 0.000000262,19;0.000008836,24;
elite: 0.000008825,18;
eloquence: 
eloquent: 0.000027302,11;0.000004652,9;0.000002706,23;0.000002706,23;0.000065985,7;0.000519172,1;
eloquently: 0.000001131,18;0.000176474,4;0.000019604,14;
embolden: 
eminence: 
eminent: 
empathize: 
empathy: 0.000405886,1;0.000290676,2;
empower: 
empowerment: 0.000000446,19;0.000013715,5;
enchant: 
enchanted: 
enchanting: 0.000311384,2;
enchantingly: 
encourage: 0.000001073,19;0.000000743,31;
encouragement: 
encouraging: 0.002496127,1;0.000000048,34;0.000104756,1;0.000377319,2;0.001245758,1;
encouragingly: 
endear: 
endearing: 0.000001593,13;0.000001311,5;0.000056966,3;0.000000135,16;0.000281074,5;0.000074911,5;0.000000697,19;0.000186728,6;0.000074567,2;
endorse: 
endorsed: 
endorsement: 
endorses: 
endorsing: 
energetic: 0.000000057,16;0.000000213,14;0.000000034,24;0.000000934,18;0.000058171,11;0.000020064,10;0.000043779,10;0.000145060,4;0.001117503,1;
energize: 
energy-efficient: 
energy-saving: 
engaging: 0.000000030,16;0.000001899,11;0.000002641,8;0.000001122,14;0.000000025,17;0.000000199,9;0.000000199,17;0.000000648,13;0.000005387,7;0.000000068,21;0.003573442,4;0.003573443,6;0.000433984,13;0.000113465,7;0.000001190,18;0.000214442,2;0.000218371,6;0.000014766,13;0.000254225,7;0.000000062,29;0.000025670,6;0.000053627,12;0.000230823,4;0.000683979,3;0.000047454,7;0.000129754,6;0.000001818,20;0.000000941,18;0.000008688,14;
engrossing: 0.000000090,16;0.000014459,4;0.000002956,12;0.000006278,5;0.000000079,10;0.000000052,20;0.000000146,10;0.000034477,1;0.000000116,12;0.000000116,16;0.000442407,5;0.000744133,4;0.010913216,1;0.000222263,10;0.000038665,6;0.000006720,11;0.000057355,8;0.000001250,19;0.000199918,1;0.000199918,2;0.000001609,29;0.000023307,14;
enhance: 
enhanced: 0.000007603,14;
enhancement: 
enhances: 0.000003442,10;0.000003700,13;0.000182535,3;
enjoy: 0.000000004,35;0.000002599,13;0.000006585,8;0.003206102,6;0.001073817,16;0.000174226,3;0.000095923,4;0.000407542,2;0.000000577,20;0.000025127,10;0.000005084,15;0.000009096,8;0.000375754,1;0.000306343,3;0.000306343,3;0.000612145,2;0.000025795,20;0.000138982,3;0.000049319,4;0.000000545,23;0.001760594,3;0.000062207,2;
enjoyable: 0.000017188,2;0.000017188,2;0.000000027,11;0.000160345,4;0.000007532,8;0.000016218,5;0.000000101,9;0.000001929,3;0.000072288,1;0.000000177,17;0.000000058,26;0.000000001,47;0.000004596,7;0.047723364,2;0.003757646,2;0.000000038,32;0.000574335,2;0.000056570,13;0.000068047,5;0.000125316,3;0.000007531,14;0.000005721,15;0.000409286,1;0.000128612,3;0.000001713,27;0.000404846,1;0.000287226,1;0.000287226,1;0.000038358,5;0.000002107,23;0.000329855,2;0.000196771,2;
enjoyably: 0.000002434,9;0.000004497,3;0.000272538,1;
enjoyed: 0.000000058,13;0.000168665,14;0.000031589,8;0.000532496,2;0.000065695,3;0.000008977,9;0.000292933,3;0.000187432,3;0.000276870,3;0.000000168,15;
enjoying: 0.000370112,14;0.000081537,3;
enjoyment: 0.000014149,25;0.000001413,23;0.000002097,17;
enjoys: 0.000017959,14;
enlighten: 
enlightenment: 
enliven: 
ennoble: 
enough: 0.000000405,21;0.000000170,21;0.000000880,10;0.000000040,10;0.000000040,12;0.000000004,24;0.000000030,25;0.000000030,20;0.000000153,25;0.000000153,25;0.000000329,19;0.000000590,15;0.000007414,9;0.000007414,6;0.000000036,26;0.000000031,18;0.000000028,13;0.000000007,30;0.000000001,42;0.000000115,14;0.000000260,14;0.000000260,15;0.000000433,12;0.000000602,12;0.000004919,17;0.000002243,22;0.003453699,9;0.000146491,17;0.000004245,17;0.000127369,9;0.000003120,26;0.000025953,12;0.000008919,18;0.000008919,13;0.000021833,19;0.000021833,17;0.000021833,18;0.000000619,24;0.000009864,24;0.000092220,15;0.000060897,9;0.000060897,10;0.000060897,10;0.000001037,21;0.000029246,8;0.000002307,24;0.000019170,3;0.000019170,15;0.000118866,3;0.000118866,6;0.000007131,20;0.000006332,14;0.000000178,27;0.000008450,12;0.000056968,7;0.000002471,12;0.000000015,34;0.000038053,7;0.000011837,19;0.000000521,31;0.000002798,14;0.000070135,7;0.000070135,8;0.000070135,6;0.000070135,8;0.000065969,7;0.000065969,6;0.000464455,2;0.000005110,32;0.000095803,6;0.000001363,27;0.000000012,28;0.000006634,18;0.000006634,19;0.000000098,28;
enrapt: 
enrapture: 
enraptured: 
enrich: 
enrichment: 
enterprising: 
entertain: 0.000000624,12;0.000001025,6;0.000009043,12;0.000255643,2;
entertaining: 0.000002120,16;0.000000413,7;0.000010247,5;0.000010247,2;0.000002851,11;0.000002851,14;0.000016204,5;0.000006323,8;0.000006323,5;0.000004857,7;0.000004857,7;0.000012980,6;0.000111093,2;0.000111093,3;0.000111093,2;0.000005915,13;0.000008815,7;0.000004108,8;0.000002345,9;0.000000214,14;0.000002949,4;0.000000023,33;0.000000497,5;0.000001365,5;0.000001573,3;0.000001373,4;0.000000268,12;0.002001210,4;0.000003003,21;0.003661793,1;0.002227606,3;0.002227606,6;0.000349725,5;0.000349725,3;0.000217597,3;0.000030642,9;0.001427764,1;0.000001216,28;0.000240260,1;0.000056168,4;0.000365238,1;0.000148729,1;0.000247040,1;0.000247040,2;0.000079548,2;0.000192911,2;0.000109359,3;0.000298061,1;0.000105440,5;0.003710715,1;0.003710716,1;0.001334487,3;0.001334487,1;0.001329002,1;0.001329002,1;0.001329002,1;0.000670769,1;0.000055552,15;0.000227719,6;0.000275610,2;0.000075321,9;0.000024168,11;0.000008385,10;
entertains: 0.000002802,7;
enthral: 
enthrall: 0.000266428,1;
enthralled: 
enthuse: 
enthusiasm: 0.000000045,23;0.001344750,20;0.000038067,16;0.000015393,9;0.000010619,19;
enthusiast: 
enthusiastic: 0.000004227,6;0.000272447,13;0.000035091,18;0.000001133,24;
enthusiastically: 0.000000467,26;0.000000007,23;
entice: 
enticed: 
enticing: 0.000032624,3;0.000054834,8;
enticingly: 
entranced: 0.000707599,1;
entrancing: 
entrust: 
enviable: 
enviably: 
envious: 
enviously: 
enviousness: 
envy: 
equitable: 
ergonomical: 
err-free: 
erudite: 
ethical: 0.000000392,10;0.000111549,15;
eulogize: 
euphoria: 
euphoric: 
euphorically: 
evaluative: 
evenly: 
eventful: 0.000001556,15;
everlasting: 
evocative: 0.000103739,11;0.000002245,13;0.002478596,6;0.000015950,27;0.000100405,2;0.000184342,1;0.000028983,9;
exalt: 
exaltation: 
exalted: 
exaltedly: 
exalting: 
exaltingly: 
examplar: 
examplary: 
excallent: 
exceed: 
exceeded: 
exceeding: 0.000000044,27;
exceedingly: 0.000374407,7;0.000005964,15;0.000005068,8;
exceeds: 0.003249054,6;0.000000595,19;
excel: 
exceled: 
excelent: 
excellant: 
excelled: 
excellence: 0.003706880,1;
excellency: 
excellent: 0.000592421,8;0.000003055,11;0.000003055,8;0.000096497,3;0.000001039,18;0.000000666,19;0.000001368,13;0.000000340,6;0.000042246,13;0.000710064,1;0.000048171,5;0.000018343,12;0.000018343,9;0.000175080,1;0.000011492,15;0.000002596,24;0.000008839,22;0.000026969,21;
excellently: 
excels: 0.000000145,26;0.000958172,5;0.000002546,13;0.000222061,3;
exceptional: 0.000000587,15;0.000000012,21;0.000030396,9;0.000006250,15;0.000010698,12;0.000773392,1;
exceptionally: 0.000003236,7;0.000057428,6;0.000018006,8;0.000077923,7;
excite: 
excited: 
excitedly: 
excitedness: 
excitement: 0.000004701,4;0.000000485,16;0.000001411,8;0.000000298,21;0.000182845,6;0.000620005,5;
excites: 0.000102152,14;
exciting: 0.000000025,17;0.000000032,25;0.000000420,9;0.000262150,8;0.000082996,4;0.000004499,17;0.000009089,10;0.000024569,11;0.000018396,8;
excitingly: 
exellent: 
exemplar: 
exemplary: 
exhilarate: 
exhilarating: 0.000005604,4;0.000007600,1;0.009397557,1;0.000015370,10;0.000141895,4;0.000158267,4;0.000099809,7;
exhilaratingly: 
exhilaration: 
exonerate: 
expansive: 
expeditiously: 
expertly: 0.000000921,7;0.000000540,15;0.000000545,5;
exquisite: 0.000011457,6;0.000000097,24;0.000120771,16;0.000011411,11;0.000132639,4;0.000000003,35;
exquisitely: 0.000448495,1;
extol: 
extoll: 
extraordinarily: 0.000003755,5;0.000000042,18;0.000000963,24;
extraordinary: 0.000020944,3;0.000060167,3;0.000000148,13;0.000000278,8;0.001259121,1;0.001259121,1;0.000005296,14;0.000015543,27;0.000007595,17;0.000031984,14;0.000006504,17;
exuberance: 0.000028231,11;0.000115286,9;
exuberant: 0.000000242,9;
exuberantly: 0.000052981,8;
exult: 
exultant: 
exultation: 
exultingly: 
eye-catch: 
eye-catching: 
eyecatch: 
eyecatching: 
fabulous: 0.000000039,23;
fabulously: 0.000023232,20;
facilitate: 
fair: 0.000000680,13;0.000000154,17;0.000003545,23;0.000092630,5;0.000042337,9;0.000064859,6;
fairly: 0.000000010,25;0.000000990,14;0.000000949,19;0.000000107,32;0.000000058,33;0.001425752,15;0.000000084,30;0.000004653,21;0.000030346,5;0.000059177,9;0.000001768,29;0.000003516,23;0.000000026,27;0.000048020,10;0.000001666,14;
fairness: 0.000001827,18;
faith: 0.000005376,3;0.000002050,10;0.000000636,10;0.000021707,12;0.000097680,4;0.000013165,28;0.000016111,14;0.000019186,14;0.000091457,7;0.000000140,25;
faithful: 0.000000049,20;0.000000070,30;0.000000246,7;0.000010059,7;0.000005793,9;0.000000307,43;
faithfully: 
faithfulness: 
fame: 
famed: 
famous: 0.000000027,28;0.000058750,24;0.000048683,6;0.000001405,15;
famously: 
fancier: 
fancinating: 
fancy: 0.000009805,2;0.000004339,17;0.000008984,18;
fanfare: 
fans: 0.000005821,8;0.000005821,9;0.000014022,4;0.000000825,13;0.000000031,25;0.000005378,4;0.000000000,36;0.000000012,21;0.000002062,9;0.000001799,3;0.000000010,24;0.000000001,18;0.000015770,7;0.000000104,16;0.000050991,16;0.000174143,15;0.000004534,15;0.000000565,23;0.000005809,19;0.000056671,11;0.000108085,8;0.000000862,28;0.000003232,17;0.000003512,11;0.000133243,2;0.000000095,28;0.000003995,9;
fantastic: 0.005713842,2;0.000000151,13;0.000006505,4;0.000000400,22;0.001385465,1;
fantastically: 0.000002718,13;
fascinate: 0.000043502,2;0.000759256,1;
fascinating: 0.000032630,19;0.000045276,17;0.000002576,9;0.000002576,4;0.000000460,9;0.000003168,11;0.000001620,16;0.000001471,20;0.000002867,12;0.000002952,11;0.000002952,8;0.000000229,18;0.000001373,5;0.000005164,3;0.000000776,7;0.000000000,36;0.000000005,22;0.000000057,17;0.000160780,1;0.000000311,10;0.000000546,8;0.000000042,21;0.000020768,7;0.000063592,7;0.006390763,1;0.012212044,1;0.000050304,12;0.000050304,14;0.000384123,2;0.000128550,3;0.000046076,3;0.000001037,25;0.000005217,15;0.000001473,20;0.000000068,38;0.000125188,2;0.000023589,14;0.000035297,10;0.000089157,4;0.000642568,3;0.000989987,2;0.000092978,17;0.000484999,1;0.000484999,1;0.000002590,13;
fascinatingly: 
fascination: 0.000001361,10;0.000000055,39;
fashionable: 
fashionably: 
fast: 0.000000915,19;0.000000110,20;0.000001248,21;0.000044658,10;0.000001856,9;
fast-growing: 
fast-paced: 0.000000249,11;0.001787065,2;0.000072753,3;
faster: 0.000331393,1;0.000011820,15;0.000106192,6;
fastest: 
fastest-growing: 
faultless: 
fav: 
fave: 
favor: 0.000000023,23;0.000002465,32;0.000009410,22;0.000004908,21;
favorable: 
favored: 
favorite: 0.000000251,16;0.000025206,10;0.000026434,12;
favorited: 
favour: 0.004225682,8;
fearless: 0.000000060,12;0.000000249,26;
fearlessly: 0.000000529,27;
feasible: 
feasibly: 
feat: 0.000000175,20;0.000001417,4;0.000035477,12;
feature-rich: 
fecilitous: 
feisty: 0.000004134,18;0.000196422,4;
felicitate: 
felicitous: 
felicity: 
fertile: 
fervent: 
fervently: 0.000074693,11;
fervid: 
fervidly: 
fervor: 
festive: 
fidelity: 
fiery: 0.000382331,4;
fine: 0.000003816,19;0.000002682,9;0.000000033,29;0.000000037,17;0.000000216,18;0.000005746,4;0.000001979,7;0.000004607,8;0.000001024,14;0.000090682,13;0.000090682,5;0.000721585,2;0.000000863,21;0.000000350,29;0.000031345,10;0.000006903,17;0.000018997,8;0.000148701,4;0.000003812,15;
fine-looking: 0.000005853,17;
finely: 0.000015287,4;0.000099992,3;0.000002273,17;0.000188049,2;0.000188049,3;0.000087910,11;
finer: 
finest: 0.000000710,18;0.000001029,9;0.000050532,11;0.000003158,19;
firmer: 
first-class: 0.000001503,13;0.000001630,17;0.000001006,20;
first-in-class: 
first-rate: 0.000001490,19;0.000046630,17;0.000097546,3;0.000335767,1;
flashy: 0.000000007,25;0.000001369,17;0.000036717,5;0.000001237,12;
flatter: 
flattering: 
flatteringly: 
flawless: 0.000049596,12;0.000012018,19;
flawlessly: 
flexibility: 
flexible: 0.000000372,10;
flourish: 0.000005050,2;
flourishing: 
fluent: 0.000009591,49;
flutter: 
fond: 
fondly: 0.000001440,17;
fondness: 0.000030190,8;
foolproof: 
foremost: 0.000166326,4;0.000123537,5;0.000013754,15;
foresight: 
formidable: 0.000002210,10;
fortitude: 
fortuitous: 
fortuitously: 
fortunate: 
fortunately: 0.000005004,19;
fortune: 
fragrant: 
free: 0.000000051,27;0.000514149,12;0.000005936,24;
freed: 
freedom: 0.000001188,8;0.000018939,16;0.000004154,26;0.000166555,3;
freedoms: 
fresh: 0.000002689,8;0.000000007,25;0.000001506,16;0.000000781,10;0.000000194,17;0.000000571,10;0.000016940,18;0.000058718,23;0.000586618,9;0.000000805,19;0.000136952,2;0.000286911,1;0.000025746,18;0.000140862,5;0.000904007,3;0.000295935,4;0.000030805,13;0.000000545,28;
fresher: 
freshest: 
friendliness: 
friendly: 0.000302121,1;
frolic: 
frugal: 
fruitful: 0.000037398,8;
ftw: 
fulfillment: 
fun: 0.000641486,13;0.000641486,7;0.000153378,12;0.000000036,18;0.000002187,14;0.000001447,15;0.000000518,20;0.000004416,9;0.000001153,16;0.000000314,16;0.000018821,4;0.000000367,15;0.000000007,18;0.000000815,7;0.000000060,14;0.000000043,11;0.000000337,6;0.000002834,9;0.000000361,11;0.000003799,5;0.000000561,14;0.000000270,13;0.000000025,30;0.001063773,4;0.001063773,6;0.011766147,1;0.011766152,1;0.000005433,28;0.003836256,9;0.003836256,3;0.018183552,2;0.000918864,3;0.000132488,6;0.000120346,7;0.000002263,21;0.000001145,23;0.000049233,12;0.000049233,10;0.000049233,12;0.000039256,4;0.000001689,19;0.000301947,2;0.000165467,2;0.000003010,9;0.000205308,2;0.000205308,2;0.000044926,3;0.000110178,7;0.000173116,3;0.000081243,6;0.000018553,12;0.000018553,19;0.000000471,38;0.000025355,13;0.000432540,1;0.000432540,1;0.000015824,15;0.000176055,1;0.000165959,5;0.000009761,34;0.000162212,3;0.000000359,32;0.000010662,10;0.000828145,8;0.000006298,16;0.000030581,4;0.000163443,1;
futurestic: 
futuristic: 
gaiety: 
gaily: 
gain: 0.000095703,4;
gained: 
gainful: 
gainfully: 
gaining: 0.000009072,18;
gains: 
gallant: 
gallantly: 
galore: 
geekier: 
geeky: 
gem: 0.000007262,11;0.000055065,3;0.000000641,10;0.000000157,19;0.000002402,5;0.000751628,1;0.000254978,2;0.000008863,18;0.000430184,1;0.000626926,2;
gems: 
generosity: 0.000003198,16;0.000036936,16;
generous: 0.000006734,11;0.000001316,14;0.000000098,18;0.000942403,1;
generously: 
genial: 0.000013253,6;0.000006044,25;0.000169748,4;0.000010487,31;
genius: 0.000000281,18;0.000506733,7;
gentle: 0.000000014,20;0.000000780,21;0.000000780,14;0.000000618,17;0.001849629,7;0.000211794,3;0.000014204,28;0.000122502,4;0.000098906,2;0.000087748,5;0.000023934,9;0.000288607,1;0.000006980,16;0.000305861,2;0.000007660,12;0.000038560,16;
gentlest: 
genuine: 0.000012397,7;0.000000218,11;0.000000063,37;0.000931791,3;0.000022631,12;0.000179123,3;0.000019817,9;0.000037148,7;0.000007348,18;0.000221331,2;0.000009199,16;0.000001022,14;
gifted: 0.000000043,14;0.000053513,2;0.000000628,14;0.000000000,37;0.000000010,29;0.000086079,13;
glad: 
gladden: 
gladly: 
gladness: 
glamorous: 
glee: 
gleeful: 
gleefully: 0.000029795,9;
glimmer: 
glimmering: 
glisten: 
glistening: 
glitter: 
glitz: 0.000000018,20;
glorify: 
glorious: 0.000009222,9;0.000000854,20;0.000000203,22;
gloriously: 0.000019969,4;0.000608257,12;0.000001885,16;0.000080050,5;
glory: 0.000000725,10;0.000008938,13;
glow: 0.000000181,31;
glowing: 
glowingly: 
god-given: 
god-send: 
godlike: 
godsend: 
gold: 
golden: 0.000007990,16;
good: 0.001310593,7;0.001310593,8;0.001310593,9;0.001310593,10;0.001310593,11;0.001310593,12;0.001310593,6;0.000435128,10;0.000002170,13;0.000000078,19;0.000000002,44;0.000000002,31;0.000000013,30;0.000001818,15;0.000001818,14;0.000000692,17;0.000004266,7;0.000005022,8;0.000003176,19;0.000036669,2;0.000036669,3;0.000000113,26;0.000000411,15;0.000027975,5;0.000000010,18;0.000000001,20;0.000444004,2;0.000054805,4;0.000000291,15;0.000000309,12;0.000010236,3;0.000010236,6;0.000004146,23;0.000002011,12;0.000002011,12;0.000001087,10;0.000012017,25;0.001571060,10;0.001571060,16;0.000106630,21;0.001440675,16;0.000014075,16;0.000052403,32;0.002400938,6;0.002400938,3;0.000525459,4;0.000006337,20;0.000256722,7;0.000256722,8;0.000000675,28;0.000002596,24;0.000001154,20;0.000001838,13;0.000046118,8;0.000003572,10;0.000050929,16;0.000252881,8;0.000007129,21;0.000052513,21;0.000052513,17;0.000200837,2;0.000200837,3;0.000000603,18;0.000000783,13;0.000071312,3;0.000001044,14;0.000015299,7;0.000006962,12;0.000009190,14;0.000000067,34;0.000069204,7;0.000125736,2;0.000177355,2;0.000177355,3;0.000001126,25;0.000000677,28;0.000030595,5;0.000047047,9;0.000006245,18;0.000006245,15;0.000020400,12;0.000035392,6;0.000071299,3;0.000023818,16;0.000023818,11;0.000233787,3;0.000233787,4;0.000233787,2;0.000233787,3;0.000015250,20;0.000001022,25;0.000188837,13;0.000188837,5;0.000055211,7;0.000006784,14;0.000129601,8;0.000119947,4;0.000119947,5;0.000119947,6;0.000119947,5;0.000020053,10;0.000020053,9;0.000054715,14;0.000003302,25;0.000002538,21;0.000021930,11;0.000099961,5;0.000014269,19;0.000432523,5;0.000058438,11;0.000006740,19;0.000003381,16;0.000108952,10;0.000025722,12;0.000010671,6;0.000000020,32;0.000017930,8;0.000014775,10;0.000000013,29;0.000006594,5;0.000000225,10;0.000002167,12;0.000012999,5;0.000020534,5;0.000000657,11;0.000162285,3;0.000025903,4;
goodly: 
goodness: 0.002441971,6;
goodwill: 0.000021480,6;
goood: 
gooood: 
gorgeous: 0.000000093,21;0.000000141,20;0.000000018,19;0.000000121,12;0.000000065,15;0.000015157,13;0.000005520,15;0.000001499,16;0.000002282,30;0.000033396,12;0.000321081,3;0.000002983,24;0.000023859,13;0.000025973,13;0.000068327,13;0.000206050,2;
gorgeously: 0.000042757,20;0.000000068,16;0.000193685,9;0.000016229,7;
grace: 0.000004253,20;0.000100736,1;0.000000750,13;0.000003431,11;0.000000287,12;0.001381602,7;0.000006131,24;0.000166521,4;0.000006264,13;0.000457771,3;0.000391597,4;
graceful: 0.000000338,24;0.000168334,1;
gracefully: 0.000002784,18;0.000099192,5;
gracious: 0.000000591,27;
graciously: 
graciousness: 
grand: 0.000000015,35;0.000010833,7;0.000002497,11;0.002347768,2;0.000002275,13;0.000043309,12;0.000025815,5;
grandeur: 0.000000977,18;0.000006377,10;0.001561545,5;
grateful: 0.000155743,4;
gratefully: 0.006858289,2;0.000006006,15;
gratification: 
gratified: 
gratifies: 
gratify: 0.000003869,25;
gratifying: 
gratifyingly: 
gratitude: 0.000181002,5;
great: 0.000195323,10;0.000195323,10;0.000195323,11;0.000004328,5;0.000000551,17;0.000000551,17;0.000000296,24;0.000007740,7;0.000007740,8;0.000012648,3;0.000000137,31;0.000009409,9;0.000000267,25;0.000000191,18;0.000000629,11;0.000007241,11;0.000000006,36;0.000000017,27;0.000005589,6;0.000127128,5;0.000000697,28;0.000000004,30;0.000000887,17;0.000000004,31;0.000000028,28;0.001266334,7;0.005251489,7;0.011877790,4;0.000258315,12;0.000119754,11;0.000099669,7;0.000099669,8;0.000099669,5;0.000002663,22;0.000002663,19;0.000001017,27;0.000001420,12;0.000150832,9;0.000000844,23;0.000000077,30;0.000026449,8;0.000025722,10;0.001594406,1;0.000099038,2;0.000036197,14;0.000029904,8;0.000026584,5;0.000026584,6;0.000036041,8;0.000001531,25;0.000056652,8;0.000066085,4;0.000004284,15;0.000001924,24;0.000004020,20;0.000007846,17;0.000016775,9;0.000016775,10;0.000000312,25;0.000067707,2;0.000067707,3;0.000001100,12;0.000001973,9;0.000041115,3;
greatest: 0.000004596,19;0.000000024,17;0.003392338,4;0.000082765,12;0.000000075,29;0.000055313,6;0.000060024,11;
greatness: 0.001120060,3;0.000038518,8;0.000039277,5;
grin: 0.000000284,19;
groundbreaking: 
guarantee: 0.000001197,16;
guidance: 
guiltless: 0.000518111,1;
gumption: 
gush: 
gusto: 0.000002902,23;
gutsy: 0.000045792,6;
hail: 
halcyon: 
hale: 
hallmark: 0.000000010,23;0.000011838,13;
hallmarks: 0.000057502,20;
hallowed: 
handier: 
handily: 0.000000258,25;
hands-down: 
handsome: 0.000001112,16;0.000037636,8;0.000087822,6;
handsomely: 0.000002870,15;0.000070099,4;
handy: 0.000037132,5;
happier: 
happily: 0.000004232,13;0.000022899,14;
happiness: 0.000060027,11;0.000008035,16;0.000129191,2;0.000530260,1;0.000000935,17;
happy: 0.000000213,25;0.000000744,13;0.000015669,6;0.000000937,19;0.000074548,4;0.000039044,10;0.000216695,2;0.000516826,1;0.000001838,19;
hard-working: 
hardier: 
hardy: 0.000057502,4;
harmless: 
harmonious: 
harmoniously: 0.000000838,12;
harmonize: 
harmony: 
headway: 
heal: 0.000000365,16;0.000114171,4;
healthful: 
healthy: 
hearten: 
heartening: 0.000026532,3;0.000112688,5;
heartfelt: 0.000000001,26;0.000006794,14;0.000032843,14;0.000049914,26;0.000457262,8;0.000069214,4;0.000055580,6;0.000092197,4;0.000008777,21;0.000105090,18;0.000013717,6;
heartily: 
heartwarming: 0.000001656,13;0.000000792,13;0.006167339,1;0.000002165,25;0.000003726,23;0.000000006,46;0.000126772,1;0.000357972,1;0.000357972,1;0.000066081,7;0.000013435,14;
heaven: 0.000003805,16;0.000015762,4;0.000000483,15;0.000002591,8;0.000000032,18;0.014212968,3;0.000006452,15;0.000798614,1;0.000000295,21;
heavenly: 
helped: 0.000000717,18;0.000011560,19;
helpful: 
helping: 0.000009036,21;
hero: 0.000000002,33;0.000000009,22;0.000017352,13;0.000000491,21;0.000035379,5;0.000001982,16;0.000006950,14;0.000001002,42;0.000050267,9;0.000003644,23;
heroic: 0.002834638,6;0.000148002,1;0.000358895,1;
heroically: 
heroine: 0.000216549,7;0.000001833,21;0.000047725,13;
heroize: 
heros: 
high-quality: 
high-spirited: 0.000008044,17;
hilarious: 0.000000624,10;0.000002530,8;0.000001339,10;0.000001339,15;0.000189646,2;0.000000110,18;0.000000521,10;0.000314924,1;0.005087690,2;0.000001352,20;0.000098461,4;0.001070043,2;0.000122903,2;0.000000651,25;0.000000048,27;0.000217261,1;0.000050826,8;0.000036826,12;0.000046154,17;0.000077398,12;0.000152411,5;0.000436976,1;0.000002841,18;
holy: 
homage: 0.000000221,17;0.000032175,17;
honest: 0.000000223,18;0.000000027,18;0.000021151,4;0.000000051,15;0.000000098,26;0.000000266,14;0.000000001,45;0.000001542,19;0.000569569,11;0.000005375,11;0.000127612,3;0.000016982,17;0.000097129,2;0.000331899,1;0.000448773,1;0.000024767,8;0.000003191,19;0.000000867,31;0.000114881,5;0.000026153,12;0.000000564,17;
honesty: 0.000000430,7;0.000212474,5;0.000012576,19;0.000019098,14;0.000164106,4;
honor: 0.000074591,2;0.006527154,7;
honorable: 0.000002304,13;
honored: 0.000000215,16;
honoring: 
hooray: 
hopeful: 0.000001071,15;0.000008529,5;0.000291959,4;0.000125806,4;0.000388789,1;0.000078419,12;0.000074521,11;
hospitable: 
hot: 0.000007938,11;0.000000006,29;0.000098311,3;0.000002691,22;
hotcake: 
hotcakes: 
hottest: 
hug: 0.000007717,5;
humane: 0.000004237,5;0.000021612,20;
humble: 
humility: 0.000141815,4;
humor: 0.000008316,50;0.000000018,24;0.000004139,5;0.000004027,3;0.000000000,33;0.000000418,8;0.000002407,10;0.000000016,19;0.000000796,19;0.000006063,8;0.000002027,11;0.000002027,11;0.000000847,18;0.000000019,30;0.000009042,3;0.000009042,3;0.000000002,22;0.000000067,23;0.000000035,12;0.000000182,10;0.000000352,19;0.000000453,14;0.000000002,25;0.000036161,16;0.000002740,30;0.000011175,19;0.001390214,2;0.000020952,17;0.000015307,12;0.000000275,35;0.000017346,5;0.000002091,12;0.000012811,11;0.000003588,19;0.000050689,6;0.000002298,23;0.000084227,3;0.000036327,4;0.000047767,9;0.000155568,8;0.000000039,36;0.000193987,2;0.000035422,10;0.000006844,20;0.000032596,11;0.000155190,5;0.000036722,13;0.000008409,25;0.000031627,13;0.000028077,10;0.000028077,19;0.000000001,30;0.000041206,3;
humorous: 0.000001575,12;0.000069097,3;0.000197354,10;0.000000594,37;0.000010284,17;0.000054062,3;0.000885013,2;0.000078655,6;0.003762799,2;
humorously: 0.000654256,2;
humour: 0.000810832,12;0.000000054,23;0.000146890,5;0.000056337,10;
humourous: 
ideal: 0.000000850,18;0.000254649,9;0.000006034,13;0.000062695,9;
idealize: 
ideally: 0.000000395,15;
idol: 
idolize: 
idolized: 
idyllic: 
illuminate: 
illuminati: 
illuminating: 0.000003744,8;0.000172620,21;0.000033538,9;
illumine: 
illustrious: 
ilu: 
imaculate: 
imaginative: 0.000001163,11;0.000005251,8;0.000000033,16;0.000795597,5;0.000322096,3;0.000036108,7;0.000010249,14;0.000001814,17;
immaculate: 0.000069485,8;0.000001766,19;
immaculately: 
immense: 0.000068297,4;
impartial: 
impartiality: 
impartially: 
impassioned: 
impeccable: 0.000053245,2;0.000000712,17;0.000001613,6;0.000209987,2;0.000047535,4;
impeccably: 
important: 0.000001695,12;0.000000537,7;0.000001286,11;0.000000964,10;0.000000011,28;0.000000039,13;0.000000202,14;0.000003934,25;0.000010843,14;0.000109262,3;0.000277710,6;0.000005331,16;0.000000062,28;
impress: 0.000062715,2;0.000003349,21;
impressed: 0.000000086,11;0.000004812,14;0.000026469,15;
impresses: 0.000001404,23;
impressive: 0.000023400,4;0.000014304,5;0.000002220,16;0.000000366,13;0.000000196,16;0.000055585,3;0.000004561,16;0.000003255,23;0.000008312,22;0.000143140,2;0.000218894,1;0.000032735,14;0.000345099,1;0.000075423,7;0.000043676,8;0.000023130,5;0.000004799,8;
impressively: 0.000004245,23;0.000257399,6;0.000019203,9;0.000002126,12;
impressiveness: 
improve: 
improved: 0.000000231,28;0.000037977,8;
improvement: 0.000012046,14;0.000001321,12;
improvements: 
improves: 0.000002562,22;0.000192622,4;
improving: 
incredible: 0.000001808,5;0.000205277,20;0.000135146,8;0.000004708,18;
incredibly: 0.000000007,30;0.000000386,27;0.000000256,13;0.000001226,24;0.000015449,9;
indebted: 
individualized: 
indulgence: 
indulgent: 0.000224133,20;
industrious: 
inestimable: 
inestimably: 
inexpensive: 
infallibility: 
infallible: 
infallibly: 
influential: 0.000032012,7;
ingenious: 0.000006789,8;0.000003580,7;0.000000511,34;0.000168104,2;0.000216268,2;0.000246725,1;
ingeniously: 0.007191623,2;
ingenuity: 0.000003142,11;
ingenuous: 
ingenuously: 
innocuous: 
innovation: 0.000151313,9;
innovative: 0.000063483,8;0.000000437,23;
inpressed: 
insightful: 0.000006326,10;0.000000543,18;0.000007122,5;0.000001496,12;0.000004575,5;0.000023931,10;0.000812642,1;0.000015212,16;0.000008875,18;
insightfully: 0.000003888,2;0.000028074,13;0.000516483,1;
inspiration: 0.000000463,10;0.000055123,3;
inspirational: 0.000006918,16;0.000012008,17;0.000039525,9;0.000179667,4;0.000009357,14;
inspire: 0.000029659,16;0.000544582,3;
inspiring: 0.000005209,3;0.000002197,12;0.000000266,16;0.000124640,2;0.000064077,7;0.000011405,11;
instantly: 0.000000634,9;0.000000112,18;
instructive: 0.000339105,2;
instrumental: 
integral: 
integrated: 0.000026341,12;
intelligence: 0.000001850,6;0.000000087,14;0.000000010,27;0.000000330,14;0.000076160,11;0.000076315,3;0.000005736,14;0.000024858,14;0.000031316,8;0.000031316,7;0.000024030,16;0.000475153,1;0.000017763,16;0.000099532,8;0.000274874,2;0.000007500,9;
intelligent: 0.000002138,8;0.000004462,5;0.000004462,6;0.000000005,22;0.000001062,4;0.000007384,16;0.000049186,15;0.000050154,23;0.000006622,20;0.000267740,3;0.000018807,7;0.000018807,9;0.000000016,29;0.000002644,21;0.000004398,13;0.000027083,9;0.000058615,8;0.000011237,10;0.000150614,1;0.000000867,24;0.000064424,4;0.000086676,4;0.000044626,13;0.000024362,12;0.000071472,10;
intelligible: 
interesting: 0.000000006,35;0.000000008,29;0.000000028,27;0.000000104,28;0.000005697,10;0.000009800,9;0.000000393,8;0.000000062,14;0.000000062,25;0.000001992,8;0.000000056,18;0.000000056,20;0.000000319,13;0.000000333,14;0.000069553,15;0.000073775,12;0.000000009,38;0.000832325,10;0.000000356,20;0.000069007,14;0.000005271,7;0.000000278,24;0.000012728,9;0.000002483,12;0.000037521,14;0.000025588,12;0.000149483,2;0.000000964,21;0.000026632,6;0.000000423,19;
interests: 
intimacy: 0.000000470,15;0.000002177,9;0.000105384,14;0.000055689,5;
intimate: 0.000000019,18;0.000000258,25;0.000000012,26;0.000000049,14;0.000000067,27;0.000005542,16;0.000047400,4;0.000037748,9;0.000008242,22;0.000105229,6;0.000079068,3;
intricate: 0.000000032,19;0.000000125,11;0.000000210,8;0.006943556,2;
intrigue: 0.000001129,20;0.000000112,28;0.000072199,24;0.000057165,5;0.000204761,4;0.000085960,6;
intriguing: 0.000000846,6;0.000000032,23;0.000003276,11;0.000001017,22;0.000001019,16;0.000000382,27;0.000002264,4;0.000000037,21;0.000006616,2;0.000000354,13;0.000000061,20;0.000150307,13;0.000181507,5;0.000004937,21;0.000378068,3;0.000050772,10;0.000339980,2;0.000079142,6;0.000145395,5;
intriguingly: 
intuitive: 
invaluable: 0.000004906,15;0.000000081,13;0.000002271,22;0.000056134,9;
invaluablely: 
inventive: 0.000006196,4;0.000007066,11;0.000006557,3;0.000000134,10;0.000000120,22;0.000063054,5;0.000002444,4;0.000001988,29;0.000082707,11;0.000009636,23;0.000033174,5;0.000030691,12;0.000109560,5;0.000109560,5;0.000169529,3;
invigorate: 
invigorating: 0.000005780,9;0.000073419,2;
invincibility: 
invincible: 0.000000341,22;0.000000016,40;
inviolable: 
inviolate: 
invulnerable: 
irreplaceable: 
irreproachable: 
irresistible: 0.000005433,5;0.000000612,7;0.000014696,19;0.000006653,23;0.000000191,33;
irresistibly: 0.006435503,3;0.000012719,15;
issue-free: 
jaw-droping: 
jaw-dropping: 0.000000846,28;
jollify: 
jolly: 0.000000015,22;0.000031213,6;
jovial: 
joy: 0.000003905,5;0.000025767,5;0.000001497,5;0.000000098,26;0.000097928,11;0.000003557,16;0.000303647,2;0.000000904,17;
joyful: 0.000047410,2;
joyfully: 
joyous: 0.000001592,7;0.000001076,4;0.000263077,11;0.001161340,18;0.000001601,19;0.000040511,12;0.000016187,7;0.000056055,6;
joyously: 
jubilant: 
jubilantly: 
jubilate: 
jubilation: 
jubiliant: 
judicious: 
justly: 
keen: 0.000000704,15;0.000037114,9;
keenly: 0.000000310,27;
keenness: 
kid-friendly: 
kindliness: 
kindly: 
kindness: 0.003488154,7;
knowledgeable: 
kudos: 0.000060992,8;
large-capacity: 
laud: 
laudable: 
laudably: 
lavish: 0.000000078,28;0.000015238,17;
lavishly: 
law-abiding: 
lawful: 
lawfully: 
lead: 0.000052986,7;0.000000140,13;0.000180549,4;0.000009008,13;0.000056278,5;0.000131710,3;0.000051060,10;0.000000062,30;0.000001255,20;
leading: 0.000009164,30;
leads: 0.000000571,9;0.000642688,11;0.000126016,7;0.000000043,18;0.000000042,32;0.000003107,17;0.000009910,19;0.000010799,18;0.000005654,9;
lean: 0.000058379,14;0.000002025,13;
led: 0.000000001,27;
legendary: 0.000002233,20;
leverage: 
levity: 0.000002422,14;
liberate: 
liberation: 0.000002996,9;0.000019533,10;
liberty: 
lifesaver: 
light-hearted: 0.000304059,2;0.000047886,10;0.000024614,9;
lighter: 
likable: 0.000000512,16;0.000143115,10;0.000092357,2;0.000000260,32;
like: 0.002765070,5;0.000073627,17;0.000073627,15;0.000073627,13;0.000006432,12;0.000006432,10;0.000001471,19;0.000001471,20;0.000000064,31;0.000012392,8;0.000002783,17;0.000002783,12;0.000006731,9;0.000000000,39;0.000001412,24;0.000001412,17;0.000000047,34;0.000001934,17;0.000001934,10;0.000004549,8;0.000004549,6;0.000000249,24;0.000000039,19;0.000000039,29;0.000003147,10;0.000007800,6;0.000001055,13;0.000000280,12;0.000000280,9;0.000045209,18;0.000045209,7;0.000045209,3;0.000045209,4;0.000000209,16;0.000000609,7;0.000000006,17;0.000000006,28;0.000000006,13;0.000000002,30;0.000001813,9;0.000000004,18;0.000000316,14;0.000000104,31;0.000000011,27;0.000000108,21;0.000257203,6;0.000257203,9;0.000023136,11;0.000867613,4;0.000867613,17;0.000107910,9;0.000107910,10;0.000481996,14;0.000281195,11;0.000281195,10;0.000000015,37;0.000002186,28;0.000070167,17;0.000138438,3;0.000015093,8;0.000015093,19;0.000015389,17;0.000015389,14;0.000000086,22;0.000000182,30;0.000000182,22;0.000100702,8;0.000100702,6;0.000100702,10;0.000001090,23;0.000000447,30;0.000306231,3;0.000009078,25;0.000009078,17;0.000023602,27;0.000023602,19;0.000023602,11;0.000000488,17;0.000034634,5;0.000000177,13;0.000000177,28;0.000000311,26;0.000000001,20;0.000033181,8;0.000000065,28;0.000000065,46;0.000000120,28;0.000000105,23;0.000000542,18;0.000009424,13;0.000009424,13;0.000036815,13;0.000036815,7;0.000036815,6;0.000001573,21;0.000001573,16;0.000026937,9;0.000000877,23;0.000000877,25;0.000000420,19;0.000037412,5;0.000037412,15;0.000008433,14;0.000008089,14;0.000000067,26;0.000001249,20;0.000121975,9;0.000002139,28;0.000114729,6;0.000114729,7;0.000002915,18;0.000002194,11;0.000000058,32;0.000083427,8;0.000083427,6;0.000004312,16;0.000046557,7;0.000046557,7;0.000001789,24;0.000067724,9;0.000009517,18;0.000021358,7;0.000000199,24;0.000073285,5;0.000073285,5;0.000009324,15;0.000000029,36;0.000018443,10;0.000018443,10;0.000093537,4;0.000093537,8;0.000019617,16;0.000058383,9;0.000000132,23;0.000456204,1;0.000456204,8;0.000088341,11;0.000088341,12;0.000227131,8;0.000227131,9;0.000227131,3;0.000227131,4;0.000002012,23;0.000195414,6;0.000195414,7;0.000195414,4;0.000000022,27;0.000085987,14;0.000039722,10;0.000553994,4;0.000048769,6;0.000014975,10;0.000007751,16;0.000000025,32;0.000002399,10;0.000005535,10;0.000000764,15;0.000002712,12;
liked: 0.000006717,3;0.000000091,21;0.000000091,22;0.000014989,11;0.000096802,5;0.000045451,15;0.000347652,3;0.000002334,20;0.000001547,9;0.000001547,10;
likes: 0.000000000,34;0.000044483,5;
liking: 0.000097703,6;
lionhearted: 
lively: 0.000000036,32;0.000007338,6;0.000071759,5;0.000038193,9;0.000007466,15;
logical: 0.000000056,24;0.000000973,22;
long-lasting: 
lovable: 
lovably: 0.000251261,6;
love: 0.001962615,6;0.006745144,3;0.000000264,37;0.000002739,11;0.000000650,18;0.000007514,5;0.000000310,15;0.000000158,19;0.000000496,13;0.000002299,13;0.000000116,32;0.000001088,14;0.000003265,9;0.000000322,17;0.000000202,25;0.000004033,13;0.000004033,9;0.000004033,10;0.000004033,11;0.000000476,14;0.000000001,34;0.000000453,11;0.000000006,26;0.000000006,26;0.000000010,24;0.000000395,10;0.000000288,17;0.000004580,5;0.000012050,7;0.000012050,5;0.000000175,10;0.000000169,10;0.000000640,7;0.000000436,11;0.000000301,12;0.000000001,16;0.000000440,17;0.000002943,7;0.000002943,7;0.000000000,36;0.000000848,17;0.000000848,7;0.000012027,16;0.000809019,9;0.000016537,36;0.000022990,16;0.000142518,19;0.000142518,20;0.000196035,14;0.000443080,9;0.000000271,30;0.000177277,11;0.000036975,16;0.000036975,9;0.000001776,18;0.000149060,3;0.000147249,6;0.000147249,5;0.000269097,8;0.000188794,10;0.000000857,22;0.000068606,2;0.000000542,23;0.000039610,3;0.000004914,7;0.000000438,18;0.000002443,21;0.000000020,39;0.000050546,4;0.000051805,5;0.000148188,3;0.000148188,3;0.000148188,4;0.000028078,9;0.000173033,4;0.000003458,22;0.000025760,12;0.000119725,8;0.000007184,15;0.000085374,6;0.000139473,3;0.000139473,8;0.000000570,33;0.000108917,6;0.000066976,5;0.000002151,22;0.000002151,21;0.000019986,13;0.000001646,33;0.000049550,10;0.000018090,12;0.000000141,37;0.000277512,5;0.000612673,3;0.000000030,49;0.000052148,13;0.000009779,30;0.000001881,33;0.000009222,15;0.000009222,15;0.000005559,24;0.000291601,15;0.000002802,16;0.000047320,5;0.000006810,8;0.000000012,32;0.018583776,1;0.000011110,5;
loved: 0.000015822,2;0.000000098,12;0.001885635,10;0.000095413,8;0.000211740,4;0.000003777,13;
loveliness: 
lovely: 0.000003240,5;0.000000027,21;0.000000342,18;0.001058352,11;0.000001358,16;0.000121890,2;0.000069636,1;0.000006993,16;0.000004730,16;0.000000060,33;0.000125906,5;0.000005791,18;0.000000345,19;
lover: 0.000000037,24;
loves: 0.000048204,2;0.000147597,15;0.000019194,11;0.000000732,18;0.000004335,11;
loving: 0.000000679,21;0.000214762,1;0.000216613,2;
low-cost: 
low-price: 
low-priced: 
low-risk: 
lower-priced: 
loyal: 0.000000023,20;
loyalty: 0.000001516,6;
lucid: 
lucidly: 
luck: 0.000010136,6;
luckier: 
luckiest: 0.000000574,13;
luckiness: 
lucky: 0.000044685,16;
lucrative: 
luminous: 0.000009718,16;
lush: 0.000060421,8;0.000000007,40;0.000043074,22;
luster: 0.000000214,25;0.000029350,5;
lustrous: 0.000024240,19;
luxuriant: 
luxuriate: 
luxurious: 
luxuriously: 
luxury: 
lyrical: 0.000000060,26;0.000001027,11;0.000021894,8;0.000265704,5;0.000459275,2;0.000000358,33;
magic: 0.000001604,8;0.000000228,19;0.000000069,14;0.000001476,10;0.000003446,35;0.000000099,23;0.000000292,27;0.000000109,21;0.000163567,7;
magical: 0.000000429,11;0.000101637,2;
magnanimous: 
magnanimously: 
magnificence: 
magnificent: 0.000019045,6;0.000002722,17;0.000013791,15;0.000009468,15;
magnificently: 
majestic: 0.000001000,16;
majesty: 
manageable: 
maneuverable: 
marvel: 0.000000074,14;0.000000097,17;0.000128987,5;0.000702055,1;
marveled: 0.000003435,17;
marvelled: 
marvellous: 
marvelous: 0.000004343,3;0.000001833,11;0.000002308,21;0.000000820,26;0.000043822,9;
marvelously: 0.000002531,2;0.000057564,20;0.000260663,5;0.000286772,1;
marvelousness: 
marvels: 
master: 0.000004853,8;0.000002139,6;0.000010795,6;0.000001366,6;0.000058753,14;0.000667190,8;0.000009566,12;0.000021587,4;0.000000500,19;0.000012919,13;0.000000151,26;
masterful: 0.000000906,12;0.028552106,2;0.000928634,3;0.000002507,15;0.000046059,3;0.000006188,23;0.000254585,2;
masterfully: 0.000002043,12;0.000000096,13;0.000000158,12;0.000000819,8;0.000001761,7;0.000000841,26;
masterpiece: 0.000005509,5;0.000014946,5;0.000003276,13;0.000000174,9;0.000103476,5;0.000016300,17;0.000038180,9;0.000438170,4;0.000048573,6;0.000002396,21;0.000514625,2;0.000077608,6;
masterpieces: 
masters: 
mastery: 
matchless: 
mature: 0.000000032,22;0.000061166,3;0.000000108,24;0.000013286,14;
maturely: 
maturity: 0.000045504,22;
meaningful: 0.000011926,9;0.000005576,28;0.000010684,21;0.000301676,6;
memorable: 0.000000349,16;0.000013637,2;0.000000366,20;0.000003984,8;0.000000349,9;0.000019935,11;0.000014472,26;0.000014654,11;0.000182110,3;0.000155676,5;0.000150407,2;0.000216658,2;0.000100940,2;0.000333545,2;0.000004302,24;0.000300805,1;
merciful: 
mercifully: 
mercy: 0.000000256,24;
merit: 
meritorious: 
merrily: 0.000017572,4;
merriment: 
merriness: 
merry: 
mesmerize: 0.000000497,15;
mesmerized: 
mesmerizes: 
mesmerizing: 0.000001390,11;0.000000199,21;0.000001154,9;0.011629896,2;0.000093569,10;0.000060296,12;0.000217533,1;0.000060034,16;0.000087434,5;
mesmerizingly: 
meticulous: 0.000216404,2;
meticulously: 0.000250017,8;0.000000104,22;
mightily: 
mighty: 
mind-blowing: 
miracle: 0.000012958,6;0.000065980,6;0.000178739,1;0.000014093,7;
miracles: 0.000015311,6;
miraculous: 0.000000101,25;0.000001603,15;
miraculously: 
miraculousness: 
modern: 0.000003378,12;0.000003378,7;0.000005558,9;0.000008821,13;0.000008821,5;0.000006975,9;0.000000714,11;0.000000292,9;0.000000222,14;0.000000063,15;0.000000360,40;0.002098038,2;0.002098038,2;0.000399721,4;0.000006352,10;0.000015491,9;0.000060820,12;0.000010984,14;0.000004550,24;0.000009218,22;0.000134178,15;0.000000659,29;0.000016513,6;0.000000123,27;
modest: 0.000055737,16;0.000000036,20;0.000000169,12;0.000027271,9;0.000025919,10;0.000051505,10;0.000010928,11;
modesty: 0.000000177,16;0.000009176,8;
momentous: 
monumental: 0.000023238,12;
monumentally: 
morality: 0.000000154,20;0.000000063,17;0.000001512,11;0.000017027,7;
motivated: 0.000001030,28;
multi-purpose: 
navigable: 
neat: 0.000000002,24;0.000001452,16;0.000009979,6;
neatest: 
neatly: 0.000004972,19;0.000065086,5;
nice: 0.000000518,28;0.000000839,17;0.000135088,2;0.001477463,10;0.000001075,21;0.000028660,16;0.000015151,13;0.000015105,11;0.000027951,15;0.000004082,14;0.000000503,26;0.000002027,11;
nicely: 0.000000001,25;0.000000001,22;0.000000064,14;0.000000588,21;0.000000263,17;0.000025625,13;0.000001249,22;0.000085133,4;
nicer: 
nicest: 
nifty: 0.000000982,34;
nimble: 
noble: 0.000032998,1;0.000018690,27;0.000169985,6;
nobly: 
noiseless: 
non-violence: 
non-violent: 
notably: 0.000000480,16;0.000001457,25;
noteworthy: 0.000000048,21;
nourish: 
nourishing: 0.000000230,13;
nourishment: 
novelty: 
nurturing: 
oasis: 
obsession: 0.000000014,31;0.001563204,12;
obsessions: 0.000000008,24;0.000000047,13;0.000002088,10;
obtainable: 
openly: 0.000018824,4;
openness: 0.000000411,19;0.000001818,3;0.000000226,12;0.000000034,18;0.000624813,1;
optimal: 
optimism: 0.000004436,21;0.000035986,17;
optimistic: 0.000164153,5;
opulent: 
orderly: 
originality: 0.000000130,21;0.000006511,8;0.000282617,15;0.000000217,27;0.000087980,8;0.000182942,2;0.000037585,11;0.000201352,3;0.000000296,39;
outdo: 
outdone: 
outperform: 
outperformed: 
outperforming: 
outperforms: 
outshine: 
outshone: 
outsmart: 
outstanding: 0.000003033,14;0.000000016,25;0.000024275,13;0.000045761,7;0.000289242,1;
outstandingly: 
outstrip: 
outwit: 
ovation: 
overjoyed: 
overtake: 0.000002111,9;
overtaken: 
overtakes: 
overtaking: 
overtook: 
overture: 0.000000066,14;
pain-free: 
painless: 
painlessly: 
palatial: 
pamper: 
pampered: 
pamperedly: 
pamperedness: 
pampers: 
panoramic: 0.000015738,30;
paradise: 
paramount: 
pardon: 
passion: 0.000267045,12;0.000000576,13;0.000000064,32;0.000004819,8;0.000001090,15;0.000002512,12;0.000001103,27;0.000004050,19;0.000069845,4;0.000104409,5;0.000018921,17;0.000013564,13;0.000024265,10;0.000005816,15;
passionate: 0.000000771,24;0.000000154,23;0.000001902,8;0.000059387,7;0.000027136,8;0.000028143,7;
passionately: 0.000139328,8;
patience: 0.000002505,11;0.000017826,14;0.000021125,15;0.000017111,7;0.000010846,23;
patient: 0.000000159,32;0.000000363,20;0.000002909,10;0.000052075,3;0.000000265,24;
patiently: 0.001262514,1;
patriot: 0.000003526,15;
patriotic: 
peace: 0.000000902,13;0.007373904,2;
peaceable: 
peaceful: 
peacefully: 
peacekeepers: 
peach: 
peerless: 
pep: 
pepped: 
pepping: 
peppy: 
peps: 
perfect: 0.000062184,14;0.000000982,4;0.000004282,9;0.000004282,10;0.000002571,9;0.000000009,21;0.000000271,16;0.000000636,12;0.000001617,5;0.000052038,23;0.000540236,11;0.000004791,25;0.000000387,30;0.000006696,18;0.000000194,28;0.000012978,14;0.000007418,19;0.000003435,17;0.000005729,16;0.000005069,16;0.000028643,12;0.000049697,13;0.000000057,26;
perfection: 0.001039370,6;0.000874725,1;
perfectly: 0.000000257,12;0.000000115,24;0.000008892,7;0.000021703,4;0.000037273,21;0.000056623,12;0.000049852,5;0.000007060,17;0.000014262,13;0.000155061,2;0.000279347,1;0.000019913,20;0.000104937,7;0.000104937,6;0.000068819,5;0.000182824,18;0.000297476,1;
permissible: 
perseverance: 
persevere: 
personages: 
personalized: 
phenomenal: 0.000000087,18;0.000269373,2;0.000035817,12;
phenomenally: 
picturesque: 
piety: 
pinnacle: 0.000083611,2;0.000083611,3;
playful: 0.000050413,17;0.000000061,21;0.000003468,11;0.000000358,22;0.000012097,4;0.000000045,17;0.000727690,9;0.000002723,23;0.000052672,8;
playfully: 0.000003025,17;
pleasant: 0.000027912,2;0.000005385,14;0.000000298,23;0.000000386,13;0.000000001,41;0.000157065,3;0.000016758,15;0.000039336,10;0.000012349,4;0.000007283,14;
pleasantly: 0.000003179,19;0.000026486,7;
pleased: 0.000020332,12;0.000001030,20;
pleases: 
pleasing: 0.001122157,5;0.000111102,10;0.000028116,11;0.000204443,1;0.000001100,21;0.000135650,4;
pleasingly: 0.000214007,6;0.000886135,2;
pleasurable: 0.000012664,9;0.000415981,7;0.000035533,12;0.000029736,25;
pleasurably: 
pleasure: 0.000020365,19;0.000004794,4;0.000001048,9;0.000067702,14;0.022012563,2;0.000126859,11;0.000264216,3;0.000041229,18;0.000006794,29;0.000183598,2;0.000223629,1;0.000070256,6;0.000026297,10;0.000001427,24;0.000001145,30;0.000190894,12;0.000308652,4;0.000000352,19;
plentiful: 
pluses: 
plush: 
plusses: 
poetic: 0.000000009,30;0.000000001,45;0.000005409,17;0.000060093,3;0.000035787,7;
poeticize: 
poignant: 0.000001269,4;0.000002056,10;0.000008901,6;0.000000007,21;0.002586177,3;0.000135021,16;0.000017507,20;0.001131779,1;0.000001510,22;0.000092463,4;0.000027822,12;0.000002242,23;0.000016127,12;
poise: 0.000275983,3;
poised: 
polished: 0.000002231,10;0.004190272,7;0.000028095,18;0.000008989,13;
polite: 
politeness: 
popular: 0.000000002,24;0.000006426,32;0.000000009,32;0.000014969,10;
portable: 
posh: 
positive: 0.000000809,12;0.000032757,8;0.000004636,21;0.000077011,15;
positively: 0.000000836,24;
positives: 
powerful: 0.000000022,31;0.000000118,19;0.000000849,14;0.000000345,18;0.000004739,7;0.000040203,2;0.000001083,14;0.000000044,18;0.000000012,22;0.000000026,10;0.000000338,23;0.003696775,10;0.003696775,7;0.002831141,3;0.000020091,18;0.000000793,29;0.000074774,8;0.000075361,5;0.000000152,26;0.000004796,22;0.000306362,2;0.000027696,9;0.000000390,31;0.000017204,10;0.000036421,6;0.000000908,24;0.000105611,6;0.000519398,3;0.000042811,11;0.000015029,14;0.000037067,12;0.000302836,5;0.000388303,6;0.000402492,2;0.000177861,2;
powerfully: 0.001616968,11;0.001544296,1;
praise: 0.000000191,27;0.000074435,5;
praiseworthy: 
praising: 
pre-eminent: 
precious: 0.000001285,10;0.000000452,19;0.000000113,34;0.000000831,20;0.001834771,2;
precise: 0.000015925,16;
precisely: 0.000000135,17;0.000030664,9;
preeminent: 
prefer: 0.000038349,7;
preferable: 
preferably: 
prefered: 
preferes: 
preferring: 
prefers: 
premier: 
prestige: 
prestigious: 
prettily: 
pretty: 0.000027986,5;0.000000791,10;0.000013937,9;0.000046582,2;0.000000029,15;0.000005751,9;0.000482769,1;0.000000287,12;0.001345489,17;0.000021504,8;0.001721541,7;0.000049672,12;0.000000008,39;0.000002211,17;0.000000335,31;0.000003410,16;0.000000207,21;0.000128564,3;0.000193922,5;0.000072960,14;0.000208750,6;0.000023149,21;0.000193348,2;0.000000844,28;0.000268101,14;0.000134211,2;
priceless: 0.000012224,3;0.000543833,5;
pride: 0.000002330,34;0.000005405,13;
principled: 0.000243959,3;
privilege: 
privileged: 0.000001482,9;
prize: 
proactive: 
problem-free: 
problem-solver: 
prodigious: 
prodigiously: 
prodigy: 
productive: 
productively: 
proficient: 
proficiently: 0.000009898,2;
profound: 0.000000864,8;0.000008900,12;0.000002335,19;0.000032680,8;0.000075832,11;
profoundly: 0.000183119,3;0.000000345,27;0.000003365,22;
profuse: 
profusion: 
progress: 
progressive: 
prolific: 
prominence: 
prominent: 0.000014312,15;
promise: 0.000000906,15;0.000000608,16;0.000000165,22;0.000218572,6;0.000002389,11;0.000073496,23;
promised: 0.000021989,27;
promises: 0.012091197,1;0.000027026,12;0.000001652,22;0.000001872,24;
promising: 0.000000628,21;0.000036401,7;0.000027958,2;
promoter: 
prompt: 
promptly: 
proper: 0.000002683,33;0.000007031,14;0.000077708,5;
properly: 0.000057002,14;0.000005270,15;
propitious: 
propitiously: 
pros: 0.000020605,11;
prosper: 
prosperity: 
prosperous: 
prospros: 
protect: 0.000005580,19;
protection: 
protective: 0.000081915,8;
proud: 0.000006506,8;0.000000677,4;0.000426545,1;0.000003217,18;0.000413157,1;
proven: 
proves: 0.000000298,20;0.000002231,20;0.000000458,22;0.000000221,12;0.000000013,17;0.000000020,24;0.000000286,13;0.000002082,12;0.000006136,18;0.000000202,32;0.000038236,7;0.000075644,13;0.000000443,21;0.000002688,15;0.000002871,19;0.000000136,30;0.000026145,15;0.000013394,18;0.000000037,33;0.000000552,30;
providence: 
proving: 0.000000040,34;
prowess: 
prudence: 
prudent: 
prudently: 
punctual: 
pure: 0.000001674,8;0.000000064,19;0.000007861,7;0.000008583,4;0.000000122,11;0.000000493,6;0.000062965,1;0.000014647,5;0.000014647,4;0.000147518,5;0.000118180,2;0.000042983,9;0.000000092,35;0.000194758,8;0.000030262,24;
purify: 
purposeful: 0.000280436,2;
quaint: 0.000003550,25;0.000117353,1;
qualified: 
qualify: 
quicker: 
quiet: 0.000003958,4;0.000000030,20;0.000002555,14;0.000025308,4;0.000009618,11;0.000002370,12;0.000057297,4;0.000000155,15;0.001482897,14;0.000001633,28;0.000061501,1;0.000302670,1;0.000002147,35;0.000137129,3;0.000000272,23;0.000036309,7;
quieter: 0.000000522,26;0.000038535,19;0.000375650,7;
radiance: 
radiant: 0.000000385,11;0.000067454,5;0.000086381,5;
rapid: 0.000000155,21;
rapport: 0.000009729,15;
rapt: 0.000007414,2;0.000449029,1;
rapture: 
raptureous: 
raptureously: 
rapturous: 0.000010140,15;
rapturously: 
rational: 
razor-sharp: 
reachable: 
readable: 
readily: 0.000110482,7;
ready: 
reaffirm: 
reaffirmation: 
realistic: 0.000000614,17;0.000001419,5;0.000127135,7;0.000022530,10;0.000005165,17;0.000038753,7;0.000248571,2;0.000316730,3;
realizable: 
reasonable: 
reasonably: 0.000000650,10;0.000000133,17;0.000047889,8;0.000005203,9;
reasoned: 
reassurance: 
reassure: 
receptive: 
reclaim: 
recomend: 
recommend: 0.000000912,14;0.000000004,40;0.000744019,1;0.000140947,1;0.000012332,7;0.000082221,1;0.000000018,26;
recommendation: 0.000000625,5;0.000330338,4;
recommendations: 
recommended: 0.000000025,14;0.000158512,8;0.000246659,4;
reconcile: 
reconciliation: 0.000005136,16;
record-setting: 
recover: 
recovery: 0.000004266,5;0.000000721,9;0.000001824,26;0.000211506,3;
rectification: 
rectify: 
rectifying: 
redeem: 
redeeming: 
redemption: 0.000000299,22;0.001546352,13;0.000005034,26;0.000169820,8;
refine: 
refined: 0.000001985,10;
refinement: 
reform: 
reformed: 
reforming: 
reforms: 
refresh: 0.000003356,12;
refreshed: 0.000058325,10;0.000859460,1;
refreshing: 0.000115974,3;0.000001226,14;0.000000048,17;0.000000119,18;0.000006755,11;0.001189324,11;0.000245614,9;0.000069961,8;0.000016445,8;0.000041207,6;0.000708791,1;0.000247614,4;0.000000261,27;
refund: 
refunded: 
regal: 
regally: 
regard: 
rejoice: 
rejoicing: 
rejoicingly: 
rejuvenate: 
rejuvenated: 
rejuvenating: 
relaxed: 0.000001365,17;0.000000700,9;0.000008486,10;
relent: 
reliable: 0.000000037,20;0.000013603,18;0.000000160,26;
reliably: 
relief: 0.000049191,18;0.000000218,27;0.000000855,29;0.000049948,4;0.000122349,4;
relish: 
remarkable: 0.000000191,18;0.000000210,20;0.000005456,7;0.000050160,3;0.000006262,10;0.000008226,4;0.000000011,23;0.000001378,8;0.000000531,11;0.010967743,1;0.000309770,10;0.001216879,3;0.000386104,5;0.000003452,14;0.000011913,13;0.000118513,2;0.000087389,2;0.000002118,26;0.000000957,33;0.000213161,3;0.000042661,7;0.000460388,1;0.000203292,4;
remarkably: 0.000003002,18;0.000000085,12;0.000000045,14;0.000000991,10;0.000005882,8;0.000159539,4;0.000274628,1;0.000103034,2;0.000027905,9;0.000000617,27;0.000005669,18;
remedy: 
remission: 
remunerate: 
renaissance: 0.000000656,17;
renewed: 
renown: 
renowned: 0.000002922,16;
replaceable: 
reputable: 
reputation: 0.000000034,27;0.000004389,14;
resilient: 
resolute: 
resound: 
resounding: 
resourceful: 0.000040582,8;0.038543686,1;0.000002824,38;
resourcefulness: 
respect: 0.000005277,5;0.000006053,9;0.000000709,4;0.000000925,8;0.000001377,6;0.000068853,2;0.000082152,6;0.000169660,6;0.000244644,1;
respectable: 0.000003786,13;
respectful: 
respectfully: 
respite: 0.000000995,19;
resplendent: 
responsibly: 
responsive: 
restful: 
restored: 
restructure: 
restructured: 
restructuring: 
retractable: 
revel: 0.000000002,29;0.000079090,3;
revelation: 0.000020238,3;0.000000083,15;0.000735380,2;0.000002507,17;
revere: 
reverence: 
reverent: 0.000003966,1;0.000007239,18;
reverently: 
revitalize: 0.000008930,12;
revival: 
revive: 
revives: 0.000002710,16;
revolutionary: 0.000036142,11;
revolutionize: 
revolutionized: 
revolutionizes: 
reward: 0.000016932,6;
rewarding: 0.000000255,21;0.000015257,7;0.000000383,20;0.000001041,8;0.000000362,18;0.000220473,2;0.003270861,2;
rewardingly: 
rich: 0.000001607,17;0.000000209,21;0.000000278,17;0.000001169,13;0.000026335,3;0.000026335,4;0.000005368,10;0.000002631,6;0.000000021,27;0.000000271,12;0.000894999,10;0.000026057,25;0.000018565,16;0.000054143,15;0.000000884,22;0.000000915,25;0.000068875,5;0.000008660,11;0.000056597,12;0.000006240,22;0.000133835,4;0.000218605,4;0.000070601,4;0.000561204,8;
richer: 0.011211585,1;0.000009988,22;0.000503135,1;0.000506666,3;
richly: 0.000000253,11;0.000000911,7;0.000020383,7;0.000004839,7;0.000044376,6;0.000065045,3;
richness: 0.000110396,12;
right: 0.000004084,14;0.000000038,19;0.000000846,20;0.000000007,37;0.000000000,39;0.000000511,10;0.000000511,13;0.000000041,20;0.000000017,26;0.000000186,14;0.000000186,16;0.000001849,13;0.000001849,12;0.000000277,10;0.009180943,6;0.001423912,9;0.004664025,6;0.000000949,22;0.000213097,7;0.000001318,22;0.000020412,8;0.000000178,25;0.000001191,21;0.000004676,22;0.000004676,21;0.000047277,4;0.000000845,19;0.000000845,20;0.000042979,11;0.000136258,5;0.000003720,18;0.000027404,7;0.000008674,21;0.000002119,17;0.000052621,2;0.000039640,5;
righten: 
righteous: 
righteously: 
righteousness: 0.000000849,10;
rightful: 
rightfully: 
rightly: 0.000069420,7;
rightness: 
risk-free: 
robust: 0.000646175,1;0.000180945,8;
rock-star: 
rock-stars: 
rockstar: 
rockstars: 
romantic: 0.000000132,15;0.000002728,7;0.000002728,5;0.000000162,19;0.000003125,10;0.000001372,12;0.000000184,10;0.000005055,8;0.000000057,14;0.000000040,18;0.000000612,14;0.000000008,40;0.000000000,34;0.000003652,8;0.002957624,11;0.000033662,10;0.000065706,17;0.000191187,6;0.000000391,16;0.000000036,29;0.000107902,1;0.000009128,15;0.000047900,6;0.000058576,9;0.000000950,23;0.000108123,2;0.000044472,11;0.000187438,1;0.000187438,2;0.000004101,18;0.000152814,5;0.000003992,29;0.000161084,4;0.000073117,8;0.000237949,12;0.000237949,13;0.000023995,12;0.000030129,11;0.000000858,13;0.000000056,30;0.000003508,13;
romantically: 
romanticize: 
roomier: 
roomy: 
rosy: 
safe: 0.000000651,20;0.000010077,3;0.000000046,32;0.000127570,16;
safely: 0.000439877,3;
sagacity: 
sagely: 
saint: 
saintliness: 
saintly: 
salutary: 
salute: 0.000059656,6;
sane: 0.000000432,18;0.000000825,20;0.000273543,5;
satisfactorily: 
satisfactory: 0.000000267,9;0.000008313,13;
satisfied: 0.000007806,19;
satisfies: 0.000000262,10;0.000000470,8;0.000005787,15;0.000553005,7;
satisfy: 0.000000037,26;
satisfying: 0.000006241,4;0.000000226,15;0.000000563,10;0.011859493,1;0.001006464,10;0.000000483,25;0.000216561,6;0.000000721,20;0.000058252,7;0.000055396,8;0.000033189,7;0.000075356,6;0.000011205,18;0.000368519,1;0.000535000,2;0.000600067,1;0.000476605,1;0.000019383,13;0.000087233,5;0.000001283,20;
satisified: 
saver: 
savings: 
savior: 
savvy: 0.000177145,14;0.000004931,20;0.000072743,8;0.000001639,15;
scenic: 0.000000356,24;
seamless: 0.000054281,7;
seasoned: 
secure: 
securely: 
selective: 
self-determination: 0.000004388,8;
self-respect: 
self-satisfaction: 
self-sufficiency: 
self-sufficient: 
sensation: 0.000004137,18;
sensational: 0.000001270,17;0.000002282,11;0.000000027,22;0.000002133,19;
sensationally: 
sensations: 
sensible: 
sensibly: 
sensitive: 0.000001982,7;0.000000104,17;0.000013072,6;0.000000065,13;0.000001081,15;0.000006614,18;0.000001262,22;0.000030568,12;0.000024969,17;0.000005996,23;0.000003155,24;0.000075009,5;
serene: 0.000025594,11;
serenity: 0.000228438,3;0.000108315,12;
sexy: 0.000000249,23;0.000010950,4;0.000010950,2;0.000000072,20;0.000000799,8;0.000001988,7;0.000015231,7;0.000002124,22;0.000002124,15;0.000082875,23;0.000122252,7;0.000180457,7;0.000048013,5;
sharp: 0.000000042,25;0.000000009,21;0.000001001,14;0.000027724,3;0.000002790,17;0.000005551,5;0.000000007,32;0.000000716,6;0.000000138,16;0.000981999,5;0.000000146,34;0.000258995,2;0.000030831,26;0.000166678,1;0.000025398,16;0.001755108,2;
sharper: 
sharpest: 
shimmering: 0.000000717,20;
shimmeringly: 0.000012562,14;
shine: 0.000228654,1;
shiny: 
significant: 0.000000009,20;0.000002439,32;
silent: 0.000000791,18;
simpler: 
simplest: 
simplified: 
simplifies: 
simplify: 
simplifying: 
sincere: 0.000000139,22;0.000000119,14;0.000003104,23;0.000082003,8;0.000006107,11;
sincerely: 0.000000948,9;
sincerity: 0.000000521,22;0.000009418,8;0.000939319,1;0.000022941,7;
skill: 0.000000154,28;0.000000119,15;0.000000152,20;0.000023387,16;0.000003310,16;0.000184124,5;0.000077831,6;0.000075640,4;0.000019011,13;
skilled: 0.000051753,11;
skillful: 0.000000084,14;0.000005195,21;0.000038681,9;
skillfully: 0.000092473,21;0.000273279,9;0.000005768,16;
slammin: 
sleek: 
slick: 0.000000220,6;0.000000098,26;
smart: 0.000006179,9;0.000003625,14;0.000007789,9;0.000039016,3;0.000000972,9;0.000000060,18;0.000000033,24;0.000001165,8;0.001086155,1;0.000403981,14;0.000601770,15;0.000601770,7;0.000265129,17;0.000022217,22;0.004272661,2;0.004272661,2;0.000327987,4;0.000003641,24;0.000000345,28;0.000000346,24;0.000008270,9;0.000000565,28;0.000010167,9;0.000002843,21;0.000025881,13;0.000003180,19;0.000011286,24;0.000187191,7;0.000022995,17;0.000111843,13;
smarter: 0.000000633,17;0.000003350,19;0.000029652,8;0.000015434,9;0.000333062,2;0.000001115,21;0.000093083,5;0.000156155,5;0.001058953,2;
smartest: 0.000004551,34;
smartly: 0.000029269,3;0.000029269,4;0.000001073,16;0.000069540,7;0.000002316,16;0.000000981,33;0.001044179,2;
smile: 0.000000201,18;0.000000888,9;0.000075029,11;0.000257365,1;0.000010958,8;0.000017800,20;0.000115589,4;0.000473866,1;
smiles: 0.000188107,3;
smiling: 
smilingly: 
smitten: 0.000000064,16;
smooth: 0.000558135,14;
smoother: 0.000158048,2;
smoothes: 
smoothest: 
smoothly: 0.000046574,20;0.000046222,11;
snappy: 0.000004744,9;
snazzy: 
sociable: 
soft: 
softer: 
solace: 
solicitous: 
solicitously: 
solid: 0.000003212,10;0.000000287,19;0.000000612,10;0.000003537,5;0.000000141,20;0.000002234,6;0.000002362,9;0.000001591,13;0.000006035,10;0.000364022,1;0.000000908,6;0.000007550,2;0.000000044,22;0.000418056,5;0.000032086,21;0.000195947,15;0.000013134,14;0.000001723,24;0.000066664,15;0.000059380,7;0.000006202,11;0.000010240,15;0.000034421,3;0.000019683,9;0.000000529,21;0.000253471,1;0.000000230,33;0.000275874,4;0.000015764,11;0.000212080,2;0.000071317,6;0.000018308,5;
solidarity: 
soothe: 0.000057347,8;
soothingly: 
sophisticated: 0.000003482,31;0.000000002,27;0.000000151,16;0.000000199,21;0.000000153,18;0.000000013,33;0.000051159,6;0.000066660,7;0.000068930,7;0.000254361,2;
soulful: 0.000001111,17;0.000005251,7;0.000000049,20;0.000001230,8;0.000159803,5;0.000010958,15;
soundly: 
soundness: 
spacious: 
sparkle: 
sparkling: 0.000004692,8;0.000000392,13;0.000000238,18;0.000000050,26;0.000033436,9;0.000128224,16;
spectacular: 0.000000831,16;0.000006359,4;0.000014250,9;0.000000863,25;0.000002885,15;0.000011947,15;0.000005941,9;
spectacularly: 0.000000014,25;0.000041806,7;0.000000470,16;
speedily: 
speedy: 
spellbind: 
spellbinding: 0.000001078,6;0.000432983,2;
spellbindingly: 
spellbound: 
spirited: 0.000001044,12;0.000002658,15;0.000030396,12;0.000342539,5;0.000081796,13;
spiritual: 0.000003518,10;0.000001298,16;0.000000319,23;0.000075027,3;0.000014983,15;0.000098722,8;0.000000048,30;
splendid: 0.000000412,12;0.000005621,10;0.001182992,6;0.000003918,18;0.000001124,25;0.000002851,18;0.000001225,28;0.000042633,10;
splendidly: 0.000051667,8;0.000472003,2;
splendor: 0.000210494,1;0.000000444,23;
spontaneous: 0.000000709,14;0.000031222,12;
sporty: 
spotless: 
sprightly: 0.000000921,15;0.000015884,4;0.000053362,7;
stability: 
stabilize: 
stable: 
stainless: 
standout: 
state-of-the-art: 
stately: 0.000038605,13;0.000009844,30;
statuesque: 
staunch: 
staunchly: 
staunchness: 
steadfast: 0.000008133,15;
steadfastly: 0.000436729,2;
steadfastness: 
steadiest: 
steadiness: 
steady: 0.000013815,8;0.000001516,18;
stellar: 0.000001892,20;
stellarly: 
stimulate: 0.000001491,21;
stimulates: 
stimulating: 0.000004594,11;0.000185128,4;
stimulative: 
stirringly: 
straighten: 
straightforward: 0.000000178,14;0.000000016,27;0.001301924,6;0.000000688,28;0.000000406,35;
streamlined: 0.000007420,12;
striking: 0.000000466,17;0.000000338,29;0.000001702,18;0.000023675,4;0.000018669,8;0.000000862,30;0.000010197,14;0.000004021,22;0.000000718,34;
strikingly: 0.004297210,4;
striving: 
strong: 0.000011371,4;0.000063446,3;0.000000019,16;0.000000233,9;0.000000914,5;0.000000500,15;0.000010097,6;0.000000019,20;0.000000617,29;0.000000006,38;0.000089490,15;0.000001682,16;0.000001154,25;0.000039793,5;0.000092267,1;0.000001606,11;0.000000188,32;0.000112729,3;0.000001049,23;0.000004319,18;0.000097420,9;0.000013728,14;0.000036755,9;0.000010051,15;0.000147546,4;0.000000071,41;0.000014698,27;0.000040481,14;0.000044256,2;
stronger: 0.000151437,4;0.000082237,2;
strongest: 0.000009491,5;0.000106064,6;0.000080175,8;
stunned: 
stunning: 0.000000680,15;0.000000282,7;0.000000818,11;0.000033979,15;0.000136855,2;0.000068525,6;0.000002627,27;0.000020436,15;0.000039413,10;
stunningly: 0.001213465,4;
stupendous: 
stupendously: 
sturdier: 
sturdy: 
stylish: 0.000001825,5;0.000014300,26;0.000008336,17;0.000001026,29;0.000031239,9;0.000008105,11;0.000003990,14;0.000063654,9;0.000044350,7;
stylishly: 0.000029149,1;
stylized: 0.000000943,21;0.000003937,15;0.000035693,10;0.000019846,8;
suave: 
suavely: 
sublime: 0.000000156,22;0.000000417,9;0.000770693,1;
subsidize: 
subsidized: 
subsidizes: 
subsidizing: 
substantive: 0.000000203,24;
succeed: 0.000018084,7;0.000002833,8;0.000000036,35;
succeeded: 0.000000142,18;0.000002225,20;
succeeding: 
succeeds: 0.000091405,3;0.000002184,16;0.000000442,12;0.000012250,5;0.000001765,19;0.000859464,2;0.000023919,12;0.000026349,9;0.000001321,18;0.000074676,3;0.000075845,6;0.000013270,19;0.000232606,14;0.000056998,14;
succes: 
success: 0.000000629,15;0.000000168,10;0.000186008,6;0.000003146,12;0.000003146,9;0.000960160,16;0.000175733,15;0.000100287,5;0.000200526,3;0.000123742,10;
successes: 
successful: 0.000000444,27;0.000003542,10;0.000001103,15;0.000024555,14;0.000004260,13;0.000000240,32;0.000084957,8;0.000009859,11;0.000000569,16;0.000008505,15;0.000026519,9;0.000000398,22;0.000075691,1;
successfully: 0.000000272,12;0.000001001,21;0.000004624,16;
suffice: 
sufficed: 
suffices: 
sufficient: 
sufficiently: 0.000000240,22;
suitable: 0.000002543,16;0.000000440,24;0.000014321,30;
sumptuous: 0.000004331,7;0.000058373,2;0.000200134,2;
sumptuously: 
sumptuousness: 
super: 0.000000057,35;
superb: 0.000010701,6;0.000010701,3;0.000010398,9;0.000008088,8;0.000001273,8;0.000074540,2;0.000028085,11;0.000002179,21;
superbly: 0.000053950,3;0.000007277,11;0.000064450,2;0.000001644,22;
superior: 0.000157135,1;0.000266403,6;0.000072378,4;0.000531115,1;
superiority: 
supple: 0.000001437,20;
support: 
supported: 
supporter: 
supporting: 0.000000039,34;0.000000025,25;0.000001139,21;0.000162012,5;
supportive: 
supports: 
supremacy: 
supreme: 
supremely: 0.000001118,14;0.000000761,14;0.000299304,2;
supurb: 
supurbly: 
surmount: 
surpass: 
surreal: 0.000005004,10;0.000000079,12;0.000001431,12;0.000079933,4;0.000055351,6;
survival: 0.000071044,4;0.000000349,32;
survivor: 
sustainability: 
sustainable: 
swank: 0.000005706,19;
swankier: 
swankiest: 
swanky: 
sweeping: 0.000000848,9;0.000001382,23;0.000010676,3;0.000000805,11;
sweet: 0.000120778,8;0.000000071,19;0.000003201,9;0.000001969,4;0.000001596,15;0.000041253,3;0.000000015,18;0.000000496,14;0.000000543,8;0.000000886,7;0.000000212,24;0.000452247,2;0.000000000,50;0.000000179,13;0.000144814,12;0.000092658,18;0.000000020,26;0.000033066,14;0.000007207,11;0.000000117,19;0.000002885,23;0.000015917,10;0.000068206,5;0.000047456,12;0.000073187,10;0.000231387,3;0.000827869,2;0.000093280,2;0.000107526,6;0.000070937,7;0.000673588,5;0.000600041,1;0.000000058,17;0.000000045,25;
sweeten: 
sweetheart: 0.000000082,20;
sweetly: 0.000000113,21;0.000006210,5;0.000001959,4;0.000077090,7;0.000364528,2;0.000063101,8;0.000012703,15;
sweetness: 0.000000293,11;0.000000213,23;0.000000170,30;0.000179365,4;
swift: 0.000149084,5;
swiftness: 
talent: 0.000005322,10;0.000000415,19;0.000002710,8;0.000000062,20;0.000598062,6;0.000004399,32;0.000085167,5;0.000067011,8;0.000092262,1;0.000000280,24;0.000002720,12;
talented: 0.000000013,23;0.000003174,9;0.000000006,26;0.000000006,25;0.000035962,13;0.000223631,1;0.000055245,6;0.000004207,20;0.000302515,4;
talents: 0.000000475,16;0.000001309,14;0.000302496,8;
tantalize: 
tantalizing: 
tantalizingly: 
tempt: 
tempting: 0.000000035,18;0.000005366,18;0.000026374,6;
temptingly: 0.000034615,7;
tenacious: 0.000000556,22;
tenaciously: 
tenacity: 
tender: 0.000002821,10;0.000004083,21;0.000101244,1;0.000065687,8;0.000410696,2;0.000008278,17;0.000006052,17;
tenderly: 0.000113040,2;
terrific: 0.000112411,10;0.000025207,12;0.000054792,6;0.000000158,6;0.000003926,8;0.000010941,7;0.000034479,2;0.000000014,35;0.000027968,10;0.000122713,13;0.000008796,22;0.000436397,10;0.000436397,7;0.000185897,7;0.000005920,21;0.000042469,11;0.000001607,18;0.000256516,1;0.000024686,8;0.000010486,19;0.000318231,4;0.000318231,3;0.000003709,24;0.000482083,1;0.000130531,6;0.000046144,17;
terrifically: 0.001442696,7;
thank: 0.002174676,7;
thankful: 
thinner: 
thoughtful: 0.000000151,25;0.000008978,6;0.000003671,13;0.004357535,3;0.001011552,5;0.000268242,19;0.000062925,11;0.000281026,9;0.000000031,36;0.000030002,14;0.000030002,10;0.000055720,2;0.000008650,13;0.000031063,7;0.000003841,20;0.000004839,21;0.000042881,10;0.000051188,10;0.000018152,17;0.000065826,4;
thoughtfully: 0.000332066,12;
thoughtfulness: 0.000022025,6;0.000094521,3;
thrift: 
thrifty: 
thrill: 0.000018752,7;0.001825361,9;0.000097576,14;0.000002310,23;0.000101452,1;0.000038468,9;
thrilled: 
thrilling: 0.000000934,23;
thrillingly: 0.000026851,6;
thrills: 0.000001995,10;0.000006313,9;0.000006313,10;0.000004351,21;
thrive: 
thriving: 
thumb-up: 
thumbs-up: 
tickle: 
tidy: 
time-honored: 
timely: 0.000000053,28;0.000001332,13;0.000045573,2;0.000000048,20;0.000001074,16;0.000000010,29;0.000002746,11;0.000035133,7;0.000185872,1;
tingle: 
titillate: 
titillating: 
titillatingly: 
togetherness: 
tolerable: 
toll-free: 
top: 0.000000037,37;0.000423518,13;0.000014948,22;0.000005627,16;0.000003975,12;0.000189046,3;0.000033390,5;
top-notch: 0.000031154,2;0.000004259,8;0.000001795,10;0.000000021,28;0.000201929,10;0.000073519,3;
top-quality: 
topnotch: 
tops: 0.000000345,10;
tough: 0.000002512,8;0.000004153,10;0.000000733,11;0.000105488,8;0.000215176,1;0.000049866,18;
tougher: 
toughest: 0.000034094,5;
traction: 
tranquil: 0.000588780,4;
tranquility: 
transparent: 
treasure: 0.001046546,3;0.000251455,11;0.000173841,3;0.000006163,10;0.000306820,7;0.000015112,7;
tremendously: 0.000005046,9;
trendy: 
triumph: 0.000010208,3;0.000073895,2;0.000018539,8;0.000000925,19;0.000000018,19;0.000000002,23;0.000007899,5;0.000708164,2;0.000001288,17;
triumphal: 
triumphant: 0.000138839,2;
triumphantly: 0.000002370,12;
trivially: 
trophy: 
trouble-free: 
trump: 
trumpet: 0.000014285,10;
trust: 0.000054118,3;0.000004116,17;
trusted: 
trusting: 
trustingly: 
trustworthiness: 
trustworthy: 
trusty: 
truthful: 0.000000000,34;0.000036454,5;0.000022464,13;
truthfully: 
truthfulness: 
twinkly: 
ultra-crisp: 
unabashed: 0.000000407,12;0.000002116,27;
unabashedly: 0.000000082,13;0.000000022,33;0.000065764,13;0.000623966,2;
unaffected: 0.000003799,15;
unassailable: 
unbeatable: 
unbiased: 
unbound: 
uncomplicated: 
unconditional: 0.000376524,1;0.000035498,10;0.000010298,29;
undamaged: 
undaunted: 
understandable: 
undisputable: 
undisputably: 
undisputed: 0.000036273,9;0.000179504,3;
unencumbered: 
unequivocal: 
unequivocally: 
unfazed: 
unfettered: 
unforgettable: 0.000000662,14;0.000962095,2;0.000164184,1;
unity: 
unlimited: 0.000001177,19;
unmatched: 
unparalleled: 
unquestionable: 
unquestionably: 
unreal: 
unrestricted: 
unrivaled: 
unselfish: 
unwavering: 0.000310827,4;
upbeat: 0.000000129,11;0.000086327,8;
upgradable: 
upgradeable: 
upgraded: 
upheld: 
uphold: 
uplift: 
uplifting: 0.000007792,6;0.000007000,11;0.000154974,2;0.000115060,5;0.000168808,2;0.000010177,14;
upliftingly: 
upliftment: 
upscale: 0.000001047,20;
usable: 
useable: 
useful: 
user-friendly: 
user-replaceable: 
valiant: 0.000041595,20;0.000048143,22;
valiantly: 0.000000197,12;
valor: 
valuable: 0.000006539,3;0.000002750,23;0.000589961,1;
variety: 0.000001257,17;0.000000155,11;0.000839360,11;0.000227126,2;0.000024922,11;
venerate: 
verifiable: 
veritable: 
versatile: 0.000168322,3;
versatility: 
vibrant: 0.000000436,10;0.000000420,16;0.000000002,30;0.000041004,11;0.000011306,24;0.000003281,12;0.000110652,3;0.000179859,3;0.000134244,7;
vibrantly: 0.000011792,12;
victorious: 0.000567667,7;
victory: 
viewable: 
vigilance: 
vigilant: 
virtue: 0.000000192,18;
virtuous: 0.000000195,9;
virtuously: 
visionary: 0.000000260,12;
vivacious: 0.000002502,19;
vivid: 0.000006667,9;0.000000099,22;0.000000592,5;0.000000359,9;0.000000007,27;0.000364311,18;0.000005152,17;0.000008685,20;0.000129115,6;0.000057211,8;0.000323528,4;0.000008995,20;0.000031675,9;
vouch: 
vouchsafe: 
warm: 0.000000869,20;0.000000041,12;0.000002862,8;0.000000480,8;0.000000135,27;0.000367036,6;0.000102672,12;0.000101330,5;0.000009741,13;0.000001924,18;0.000023941,13;0.000196904,8;0.000001741,20;0.000041214,13;0.000037141,11;0.000567352,4;0.000567352,1;0.000005292,12;
warmer: 
warmhearted: 
warmly: 
warmth: 0.000004785,8;0.000006261,4;0.000006261,4;0.000006261,2;0.000000415,13;0.000002866,5;0.000000497,13;0.000204032,21;0.000012496,17;0.000016492,18;0.000041338,7;0.000208732,1;0.000019189,15;
wealthy: 
welcome: 0.000066941,14;0.000000037,29;0.000000021,26;0.000000318,20;0.000000199,16;0.000077579,10;0.000148342,5;0.000000563,25;0.000067615,8;0.000029886,10;0.000279286,3;0.000280832,1;0.000280832,1;
well: 0.000030162,15;0.000000115,14;0.000000152,14;0.000000152,14;0.000002513,11;0.000002513,11;0.000002513,12;0.000000004,40;0.000000672,14;0.000005144,14;0.000005144,9;0.000000101,23;0.000003411,8;0.000000016,21;0.000000766,16;0.000000004,26;0.000002063,5;0.000000082,9;0.000000082,14;0.000000027,21;0.000000186,10;0.000000151,5;0.000000038,30;0.000000034,12;0.000027196,7;0.000027196,8;0.000000013,21;0.000000261,21;0.000000148,24;0.000000027,24;0.000829386,12;0.000000499,16;0.000779078,11;0.000779078,13;0.000114611,18;0.001225322,15;0.001225323,15;0.000563586,3;0.000000351,28;0.000000463,25;0.000099845,9;0.000005725,31;0.000000460,32;0.000000002,20;0.000000133,26;0.000028140,10;0.000002088,11;0.000016399,14;0.000005706,16;0.000003013,19;0.000003013,19;0.000055502,8;0.000055502,8;0.000012530,22;0.000075502,8;0.000001488,23;0.000000069,24;0.000032548,11;0.000256571,3;0.000256571,4;0.000256571,2;0.000017098,13;0.000032528,8;0.000009800,17;0.000080162,15;0.000000276,35;0.000006266,20;0.000095261,5;0.000095261,7;0.000007192,18;0.000007192,21;0.000077002,10;0.000006952,9;0.000000112,17;0.000005423,13;0.000000024,34;
well-backlit: 
well-balanced: 0.000000237,13;
well-behaved: 0.000000395,21;
well-being: 
well-bred: 
well-connected: 
well-educated: 
well-established: 
well-informed: 
well-intentioned: 0.000400201,11;
well-known: 
well-made: 0.000000198,25;0.000076771,7;0.000125412,2;0.000118358,4;0.000160004,4;0.000028785,11;
well-managed: 
well-mannered: 
well-positioned: 
well-received: 
well-regarded: 
well-rounded: 0.000021064,12;
well-run: 
well-wishers: 
wellbeing: 
whoa: 
wholeheartedly: 
wholesome: 0.000000993,10;0.000000997,8;0.000182410,3;
whooa: 
whoooa: 
wieldy: 
willing: 0.000000004,33;0.000000008,21;0.000000927,21;0.000000006,39;0.000000674,13;0.000067177,7;0.000000513,21;
willingly: 0.000000225,34;
willingness: 0.000017816,19;0.000024557,14;
win: 0.000000058,22;0.000000895,15;0.000000754,26;0.002064358,7;0.001089934,4;0.000033055,4;0.000033055,5;0.000002940,19;
windfall: 
winnable: 
winner: 0.000002899,11;0.000053871,7;
winners: 0.000000039,34;
winning: 0.000053806,17;0.000005428,7;0.000018458,5;0.000007792,7;0.000002716,5;0.000002716,6;0.000000000,39;0.000038882,11;0.000037675,5;0.000127460,4;0.000100520,5;0.000047719,15;0.000018888,6;0.000031604,10;
wins: 0.000108795,10;
wisdom: 0.000014836,4;0.000059615,3;
wise: 0.000002483,16;0.000000326,16;0.000000059,16;0.000504418,8;0.001095868,1;0.000210126,2;0.000001028,29;0.000001618,28;
wisely: 0.000022403,3;0.000000827,23;
witty: 0.000211641,18;0.000002345,8;0.000048238,2;0.000000043,17;0.000000000,16;0.000000007,31;0.000005236,6;0.001176602,5;0.000322278,2;0.000013553,21;0.000020723,6;0.000156273,4;0.000045156,8;0.000045156,5;0.000122306,5;0.000254529,6;0.000150103,4;
won: 0.000004696,20;0.000026922,20;
wonder: 0.000009603,5;0.000000002,44;0.000000094,15;0.000058373,19;0.000000382,34;0.000000138,29;0.000010063,11;
wonderful: 0.000002314,12;0.000003253,12;0.000003897,13;0.000003983,7;0.000000113,14;0.000000010,35;0.000000678,5;0.000001083,6;0.002477024,2;0.001001598,4;0.000002985,17;0.000258904,3;0.000002725,27;0.000291247,6;0.000259009,1;0.000369324,2;0.000004593,20;0.000000419,27;0.000007136,13;0.000038379,6;0.000001369,20;0.000246313,1;0.000037285,19;0.000680409,2;0.000096381,10;
wonderfully: 0.000014084,6;0.000072057,2;0.000000877,18;0.000019360,4;0.000000269,10;0.000003092,19;0.000003092,14;0.000038331,11;0.000037869,13;0.000000045,39;0.000022159,9;
wonderous: 0.000185394,7;
wonderously: 
wonders: 0.005339988,9;0.000369203,1;0.000055763,14;0.000009241,13;0.000127518,9;
wondrous: 0.000000515,13;0.003551590,4;0.000030852,15;
woo: 0.000000411,9;0.000000692,26;
work: 0.000069317,24;0.000012786,21;0.000000604,16;0.000000349,17;0.000000035,32;0.000006216,4;0.000006216,3;0.000000295,17;0.000001329,19;0.000000384,20;0.000004374,18;0.000004374,11;0.000000800,16;0.000000800,14;0.000000070,33;0.000000070,31;0.000000194,24;0.000000048,25;0.000000133,14;0.000000133,15;0.000000024,15;0.000001338,3;0.000000007,31;0.000000080,15;0.000001176,8;0.000000417,18;0.000000417,10;0.000012209,5;0.000000043,15;0.000022388,5;0.000000001,24;0.000000860,11;0.000000153,17;0.000000108,17;0.003654637,8;0.003907589,5;0.003907589,8;0.000072600,18;0.004265637,5;0.000046322,16;0.000040290,17;0.000040290,18;0.000039847,12;0.000003325,21;0.000038453,6;0.000035497,7;0.000014231,6;0.000152093,8;0.000015395,19;0.000044588,10;0.000026445,6;0.000005897,11;0.000005897,16;0.000029106,5;0.000009739,8;0.000000765,17;0.000055992,9;0.000000122,24;0.000025968,6;0.000099286,3;0.000099286,4;0.000007636,14;0.000000006,28;0.000072838,6;0.000052807,4;0.000052807,5;0.000000873,11;0.000000117,43;0.000026404,10;0.000020862,11;0.000004821,20;0.000148552,18;0.000148552,19;0.000001337,18;0.000001702,29;0.000124663,4;0.000028190,8;0.000028190,13;0.000028190,12;0.000000463,25;0.000014148,17;0.000014148,13;0.000119690,3;0.000008416,14;0.000109242,13;0.000269514,4;0.000110677,7;0.000111999,3;0.000000993,16;0.000001805,14;0.000000006,31;0.000000194,30;0.000000372,20;0.000008293,8;0.000000035,18;0.000000033,14;
workable: 0.000002771,21;
worked: 0.000038423,8;0.000001265,23;
works: 0.000167242,6;0.000167242,10;0.000000295,12;0.000000027,22;0.000039838,4;0.000000917,19;0.000000155,30;0.000000729,16;0.000000500,16;0.000003106,9;0.000011920,5;0.000002074,4;0.000000561,10;0.000002101,7;0.000000024,19;0.000001377,15;0.000033280,6;0.000033508,10;0.000185701,16;0.002987451,12;0.000704777,4;0.000929519,13;0.000020298,22;0.000751805,7;0.000044795,14;0.000018553,7;0.000003842,15;0.000003842,14;0.000003842,22;0.000072051,17;0.000002181,36;0.000150845,4;0.000058122,8;0.000000480,23;0.000281060,1;0.000281060,1;0.000069924,5;0.000031256,13;0.000363978,1;0.000006737,17;0.000323316,2;0.000411781,1;0.000050298,11;0.000133794,12;0.000068800,4;0.000048032,13;0.000020348,24;0.000153671,5;0.000100149,3;0.000000337,18;
world-famous: 
worth: 0.004901621,2;0.000015587,3;0.000005417,5;0.000020681,3;0.000011538,5;0.000046067,3;0.000022834,2;0.000000063,16;0.000238430,1;0.000238430,1;0.000000025,22;0.000000637,15;0.000528904,5;0.000184593,4;0.000140616,4;0.000094539,5;0.000009679,9;0.000069779,10;0.000458631,3;0.000127916,4;0.000000578,33;0.000016541,12;0.000034991,6;0.000104013,4;0.000178984,2;0.000153136,1;0.000153136,3;0.000135095,3;0.000135095,1;0.000089028,5;0.000125103,4;0.000280522,3;0.000386110,3;0.000386110,1;0.000000008,45;0.000358414,3;0.000358414,3;0.000153290,2;0.000006114,27;0.000001182,28;0.000206035,3;0.000164900,3;0.000008028,20;0.000483487,1;0.000140362,2;0.000773388,6;
worth-while: 
worthiness: 
worthwhile: 0.000037155,5;0.000002674,12;0.000001536,13;0.000016708,5;0.000000261,14;0.000140509,7;0.000009692,26;0.000064193,8;0.000036081,10;0.000000083,18;0.000004356,16;
worthy: 0.000000108,13;0.000000055,15;0.000000055,16;0.000066500,14;0.000009575,23;0.000099199,11;0.000003406,15;0.000036816,13;0.000001329,15;0.000026953,15;0.000001452,26;0.000033675,13;
wow: 0.027623829,2;0.000000441,26;0.000116247,16;0.000005294,12;0.007421887,1;
wowed: 
wowing: 
wows: 
yay: 
youthful: 0.000363462,8;0.000000613,25;
zeal: 
zenith: 
zest: 
zippy: 0.000000023,24;