0.000213,2.378837
0.000125,2.389069
0.000163,2.387038
0.000115,2.391531
0.000133,2.381295
0.000074,2.391420
0.000149,2.377915
0.000109,2.383950
0.000076,2.382996
0.000073,2.388371
0.000105,2.380754
0.000055,2.390823
0.000157,2.382443
0.000053,2.387230
0.000197,2.386688
0.000081,2.384999
0.000082,2.377423
0.000086,2.377442
0.000020,2.390416
0.000093,2.383170
0.000018,2.391897
0.000067,2.386311
0.000029,2.387422
0.000221,2.381672
0.000061,2.389617
0.000036,2.388569
0.000046,2.381254
0.000099,2.384630
0.000048,2.387563
0.000030,2.386710
0.000047,2.384223
0.000028,2.387771
0.000054,2.389990
0.000076,2.381652
0.000026,2.391513
0.000052,2.382844
0.000032,2.388988
0.000037,2.382661
0.000018,2.389072
0.000044,2.382114
0.000052,2.385987
0.000043,2.388066
0.000019,2.382182
0.000052,2.379617
0.000026,2.383648
0.000011,2.388895
0.000025,2.380617
0.000040,2.382856
0.000025,2.387576
0.000023,2.382760
0.000044,2.384767
0.000016,2.388273
0.000021,2.385224
0.000035,2.380795
0.000062,2.391506
0.000021,2.388823
0.000025,2.389201
0.000026,2.390675
0.000006,2.392416
0.000019,2.392188
0.000011,2.390845
0.000011,2.387738
0.000031,2.382404
0.000009,2.388504
0.000038,2.386788
0.000016,2.390747
0.000307,2.378929
0.000031,2.382800
0.000091,2.379538
0.000027,2.389979
0.000029,2.387112
0.000011,2.390519
0.000030,2.380457
0.000043,2.384471
0.000086,2.383168
0.000030,2.388945
0.000013,2.386566
0.000013,2.387624
0.000035,2.391895
0.000015,2.386657
0.000035,2.381347
0.000025,2.389664
0.000018,2.385574
0.000011,2.382561
0.000019,2.385467
0.000024,2.383178
0.000022,2.374230
0.000014,2.387525
0.000016,2.389926
0.000029,2.378597
0.000013,2.388264
0.000020,2.386743
0.000015,2.386859
0.000022,2.386380
0.000016,2.381915
0.000011,2.391179
0.000012,2.387058
0.000025,2.383314
0.000032,2.383966
0.000023,2.379123
0.000052,2.386069
0.000017,2.389758
0.000017,2.385735
0.000051,2.385751
0.000018,2.380096
0.000018,2.380928
0.000010,2.386543
0.000015,2.384509
0.000006,2.391492
0.000032,2.383263
0.000034,2.380113
0.000020,2.389400
0.000093,2.382182
0.000030,2.390519
0.000016,2.387057
0.000019,2.387237
0.000008,2.387243
0.000021,2.382437
0.000022,2.379495
0.000014,2.384257
0.000014,2.392052
0.000013,2.377847
0.000025,2.387503
0.000053,2.380612
0.000009,2.384157
0.000014,2.387655
0.000009,2.387972
0.000009,2.382264
0.000006,2.391270
0.000015,2.378108
0.000016,2.388000
0.000011,2.386608
0.000006,2.390325
0.000015,2.381600
0.000012,2.387534
0.000013,2.378505
0.000006,2.386392
0.000036,2.385501
0.000009,2.383558
0.000009,2.388771
0.000012,2.389052
0.000012,2.386952
0.000011,2.380949
0.000008,2.387956
0.000007,2.389108
0.000004,2.391473
0.000011,2.385204
0.000016,2.388397
0.000012,2.383215
0.000012,2.386812
0.000008,2.382337
0.000007,2.386848
0.000012,2.383110
0.000008,2.382697
0.000010,2.384744
0.000019,2.381958
0.000007,2.388504
0.000003,2.391135
0.000023,2.387414
0.000017,2.386684
0.000006,2.383652
0.000037,2.381764
0.000012,2.385735
0.000004,2.390953
0.000021,2.383834
0.000004,2.390419
0.000003,2.391841
0.000021,2.389736
0.000007,2.385896
0.000009,2.386328
0.000007,2.384939
0.000016,2.389590
0.000078,2.375562
0.000012,2.391928
0.000005,2.391119
0.000007,2.385348
0.000012,2.384565
0.000008,2.387361
0.000008,2.385572
0.000011,2.380016
0.000010,2.387381
0.000014,2.389370
0.000016,2.385156
0.000017,2.386374
0.000004,2.392518
0.000017,2.387838
0.000012,2.389161
0.000010,2.383774
0.000004,2.384114
0.000005,2.386097
0.000011,2.389004
0.000018,2.377702
0.000012,2.380572
0.000011,2.389812
0.000006,2.390749
0.000034,2.377160
0.000018,2.383747
0.000008,2.381516
0.000014,2.389071
0.000005,2.385535
0.000093,2.377957
0.000007,2.392370
0.000037,2.384801
0.000018,2.386632
0.000009,2.387355
0.000015,2.381382
0.000010,2.378755
0.000006,2.387327
0.000005,2.390065
0.000013,2.387267
0.000015,2.387221
0.000011,2.381948
0.000014,2.380448
0.000006,2.386563
0.000020,2.391014
0.000043,2.372129
0.000079,2.377476
0.000063,2.379644
0.000039,2.386784
0.000052,2.379604
0.000020,2.387119
0.000027,2.391758
0.000021,2.385875
0.000039,2.379183
0.000026,2.382898
0.000034,2.379719
0.000013,2.393216
0.000028,2.386323
0.000035,2.382616
0.000023,2.387907
0.000026,2.382783
0.000017,2.382651
0.000019,2.382619
0.000018,2.382657
0.000015,2.384228
0.000013,2.388852
0.000022,2.386476
0.000015,2.382631
0.000009,2.389375
0.000012,2.385794
0.000012,2.388050
0.000008,2.386496
0.000010,2.381512
0.000012,2.383569
0.000027,2.383416
0.000008,2.389308
0.000009,2.386567
0.000022,2.382558
0.000007,2.388390
0.000007,2.389900
0.000004,2.392689
0.000012,2.384713
0.000003,2.390714
0.000011,2.386911
0.000009,2.387357
0.000017,2.378548
0.000007,2.383072
0.000020,2.388686
0.000007,2.388983
0.000008,2.385896
0.000008,2.388893
0.000009,2.388280
0.000033,2.383712
0.000057,2.371791
0.000004,2.391961
0.000015,2.382538
0.000004,2.392943
0.000004,2.388872
0.000004,2.388172
0.000006,2.390033
0.000004,2.389191
0.000011,2.382702
0.000004,2.391116
0.000005,2.387230
0.000024,2.387301
0.000011,2.384748
0.000003,2.391432
0.000019,2.378853
0.000011,2.376348
0.000003,2.392540
0.000015,2.385067
0.000004,2.387721
0.000006,2.384169
0.000003,2.388643
0.000003,2.393320
0.000007,2.389825
0.000015,2.384346
0.000016,2.379968
0.000004,2.390086
0.000019,2.385790
0.000018,2.378728
0.000009,2.383780
0.000006,2.387471
0.000010,2.379561
0.000005,2.385618
0.000003,2.387057
0.000012,2.381234
0.000005,2.391460
0.000006,2.384667
0.000002,2.389279
0.000006,2.386999
0.000007,2.385690
0.000009,2.385945
0.000005,2.383650
0.000013,2.380908
0.000006,2.385954
0.000009,2.385381
0.000004,2.388458
0.000014,2.367339
0.000009,2.389946
0.000007,2.385228
0.000005,2.389903
0.000007,2.377440
0.000003,2.390338
0.000008,2.386099
0.000008,2.384882
0.000006,2.390761
0.000006,2.384707
0.000003,2.387814
0.000006,2.386699
0.000011,2.382648
0.000004,2.390562
0.000004,2.388815
0.000034,2.382910
0.000005,2.385335
0.000006,2.387655
0.000003,2.384965
0.000004,2.391230
0.000013,2.385605
0.000007,2.383602
0.000018,2.384043
0.000003,2.388335
0.001329,2.357249
0.000005,2.391267
0.000002,2.393333
0.000009,2.385290
0.000168,2.375665
0.000001,2.387478
0.000045,2.378930
0.000003,2.388561
0.000002,2.389221
0.000005,2.382746
0.000013,2.388556
0.000215,2.383317
0.000001,2.390035
0.000013,2.388299
0.000006,2.383441
0.000001,2.389557
0.000033,2.382862
0.000001,2.390731
0.000146,2.375848
0.000001,2.383185
0.000009,2.385053
0.000001,2.382680
0.000001,2.384203
0.000004,2.385122
0.000004,2.384541
0.000001,2.385875
0.000005,2.383522
0.000094,2.380658
0.000001,2.386535
0.000002,2.388905
0.000002,2.385335
0.000002,2.384138
0.000001,2.390736
0.000040,2.385983
0.000001,2.387488
0.000020,2.383933
0.000001,2.388745
0.000011,2.389089
0.000049,2.378210
0.000031,2.378795
0.000026,2.383561
0.000004,2.385767
0.000001,2.385312
0.000008,2.387567
0.000002,2.382404
0.000011,2.385200
0.000002,2.385662
0.000007,2.382952
0.000024,2.381469
0.000001,2.388353
0.000076,2.373482
0.000005,2.388155
0.000008,2.383817
0.000003,2.382219
0.000006,2.389268
0.000007,2.386033
0.000004,2.383605
0.000012,2.386820
0.000005,2.389130
0.000004,2.385753
0.000002,2.385485
0.000003,2.386736
0.000003,2.383862
0.000002,2.385953
0.000020,2.386617
0.000010,2.388895
0.000005,2.383493
0.000019,2.382124
0.000007,2.381477
0.000002,2.384675
0.000005,2.385523
0.000002,2.385427
0.000005,2.387598
0.000006,2.384670
0.000004,2.386878
0.000005,2.382460
0.000008,2.381250
0.000005,2.389218
0.000009,2.386779
0.000004,2.381156
0.000007,2.384157
0.000008,2.376817
0.000004,2.382470
0.000007,2.382617
0.000045,2.377306
0.000035,2.384097
0.000006,2.385905
0.000005,2.385508
0.000008,2.389858
0.000008,2.390964
0.000007,2.387081
0.000008,2.386768
0.000011,2.385966
0.000006,2.390150
0.000003,2.385547
0.000001,2.392104
0.000001,2.386072
0.000001,2.388199
0.000001,2.389221
0.000001,2.386825
0.000006,2.390417
