0.000213,2.378837
0.000125,2.389069
0.000163,2.387037
0.000115,2.391529
0.000133,2.381293
0.000074,2.391423
0.000149,2.377914
0.000109,2.383949
0.000076,2.382998
0.000073,2.388370
0.000105,2.380751
0.000055,2.390822
0.000157,2.382447
0.000053,2.387230
0.000197,2.386700
0.000081,2.385001
0.000082,2.377431
0.000086,2.377442
0.000020,2.390419
0.000093,2.383164
0.000018,2.391895
0.000067,2.386309
0.000029,2.387415
0.000221,2.381669
0.000061,2.389614
0.000036,2.388582
0.000046,2.381253
0.000099,2.384633
0.000048,2.387563
0.000030,2.386707
0.000047,2.384231
0.000028,2.387767
0.000054,2.389987
0.000077,2.381639
0.000026,2.391512
0.000052,2.382848
0.000032,2.388985
0.000037,2.382653
0.000018,2.389069
0.000044,2.382110
0.000052,2.385985
0.000043,2.388062
0.000019,2.382175
0.000052,2.379617
0.000026,2.383633
0.000011,2.388913
0.000025,2.380621
0.000040,2.382849
0.000025,2.387573
0.000023,2.382753
0.000044,2.384756
0.000016,2.388267
0.000021,2.385216
0.000035,2.380795
0.000062,2.391507
0.000021,2.388814
0.000025,2.389194
0.000026,2.390671
0.000006,2.392409
0.000019,2.392179
0.000011,2.390827
0.000011,2.387728
0.000031,2.382390
0.000009,2.388498
0.000038,2.386786
0.000016,2.390743
0.000307,2.378918
0.000031,2.382799
0.000091,2.379528
0.000028,2.389962
0.000029,2.387099
0.000011,2.390512
0.000030,2.380445
0.000043,2.384553
0.000086,2.383173
0.000030,2.388956
0.000013,2.386551
0.000013,2.387618
0.000035,2.391887
0.000015,2.386668
0.000035,2.381271
0.000025,2.389658
0.000018,2.385587
0.000011,2.382567
0.000019,2.385446
0.000024,2.383169
0.000022,2.374250
0.000014,2.387506
0.000016,2.389970
0.000029,2.378591
0.000013,2.388261
0.000020,2.386748
0.000015,2.386885
0.000022,2.386383
0.000016,2.381919
0.000011,2.391185
0.000012,2.387044
0.000025,2.383313
0.000032,2.383956
0.000023,2.379099
0.000052,2.386063
0.000017,2.389773
0.000017,2.385756
0.000051,2.385739
0.000018,2.380082
0.000018,2.380919
0.000010,2.386554
0.000015,2.384511
0.000006,2.391485
0.000031,2.383248
0.000034,2.380094
0.000020,2.389401
0.000092,2.382181
0.000030,2.390516
0.000016,2.387048
0.000019,2.387230
0.000008,2.387243
0.000021,2.382439
0.000021,2.379495
0.000014,2.384254
0.000013,2.392051
0.000013,2.377846
0.000025,2.387512
0.000053,2.380593
0.000009,2.384158
0.000014,2.387645
0.000009,2.387969
0.000009,2.382257
0.000006,2.391271
0.000015,2.378069
0.000016,2.388008
0.000011,2.386616
0.000006,2.390328
0.000015,2.381615
0.000012,2.387490
0.000013,2.378510
0.000006,2.386375
0.000036,2.385499
0.000009,2.383521
0.000009,2.388774
0.000012,2.389065
0.000012,2.386965
0.000011,2.381010
0.000008,2.387957
0.000007,2.389086
0.000004,2.391455
0.000011,2.385183
0.000016,2.388386
0.000012,2.383208
0.000012,2.386822
0.000008,2.382364
0.000007,2.386848
0.000012,2.383112
0.000008,2.382699
0.000010,2.384739
0.000019,2.381967
0.000007,2.388494
0.000003,2.391142
0.000023,2.387421
0.000017,2.386685
0.000006,2.383663
0.000036,2.381763
0.000012,2.385751
0.000004,2.390946
0.000021,2.383820
0.000004,2.390411
0.000003,2.391851
0.000021,2.389781
0.000007,2.385875
0.000009,2.386331
0.000007,2.384910
0.000016,2.389579
0.000078,2.375566
0.000012,2.391922
0.000005,2.391122
0.000007,2.385343
0.000012,2.384539
0.000008,2.387358
0.000008,2.385755
0.000011,2.380031
0.000010,2.387370
0.000014,2.389363
0.000016,2.385168
0.000017,2.386360
0.000004,2.392519
0.000017,2.387823
0.000012,2.389234
0.000010,2.383775
0.000004,2.384097
0.000005,2.386117
0.000011,2.388999
0.000018,2.377729
0.000012,2.380603
0.000011,2.389795
0.000006,2.390720
0.000034,2.377184
0.000018,2.383720
0.000008,2.381552
0.000014,2.389067
0.000005,2.385500
0.000092,2.378019
0.000007,2.392342
0.000037,2.384801
0.000018,2.386569
0.000009,2.387338
0.000015,2.381412
0.000010,2.378764
0.000006,2.387350
0.000005,2.390073
0.000012,2.387264
0.000015,2.387244
0.000011,2.381957
0.000014,2.380476
0.000006,2.386542
0.000020,2.390970
0.000043,2.372133
0.000079,2.377508
0.000062,2.379652
0.000039,2.386785
0.000052,2.379600
0.000020,2.387038
0.000027,2.391734
0.000021,2.385905
0.000039,2.379190
0.000025,2.382890
0.000034,2.379700
0.000013,2.393190
0.000028,2.386281
0.000034,2.382552
0.000023,2.387908
0.000026,2.382827
0.000017,2.382669
0.000019,2.382633
0.000018,2.382608
0.000015,2.384276
0.000013,2.388856
0.000022,2.386470
0.000015,2.382623
0.000009,2.389371
0.000012,2.385782
0.000012,2.388000
0.000008,2.386502
0.000010,2.381569
0.000012,2.383572
0.000027,2.383411
0.000008,2.389309
0.000009,2.386595
0.000022,2.382567
0.000007,2.388397
0.000007,2.389863
0.000004,2.392690
0.000012,2.384728
0.000003,2.390707
0.000011,2.386924
0.000009,2.387384
0.000017,2.378579
0.000007,2.383178
0.000020,2.388685
0.000007,2.388997
0.000008,2.385907
0.000008,2.388894
0.000009,2.388252
0.000033,2.383762
0.000056,2.371812
0.000004,2.391970
0.000015,2.382531
0.000004,2.392936
0.000004,2.388880
0.000004,2.388200
0.000006,2.390020
0.000004,2.389199
0.000011,2.382717
0.000004,2.391111
0.000005,2.387234
0.000023,2.387289
0.000011,2.384774
0.000003,2.391437
0.000019,2.378865
0.000011,2.376365
0.000003,2.392517
0.000015,2.385067
0.000004,2.387671
0.000006,2.384183
0.000003,2.388647
0.000003,2.393309
0.000007,2.389858
0.000015,2.384366
0.000016,2.379941
0.000004,2.390034
0.000019,2.385812
0.000018,2.378745
0.000009,2.383807
0.000006,2.387465
0.000010,2.379585
0.000005,2.385574
0.000003,2.387107
0.000011,2.381240
0.000005,2.391430
0.000006,2.384681
0.000002,2.389279
0.000006,2.386932
0.000007,2.385680
0.000009,2.385819
0.000005,2.383641
0.000013,2.380982
0.000006,2.385944
0.000009,2.385443
0.000004,2.388457
0.000014,2.367360
0.000009,2.389950
0.000007,2.385172
0.000005,2.389845
0.000007,2.377472
0.000003,2.390308
0.000008,2.386164
0.000008,2.384856
0.000006,2.390768
0.000006,2.384694
0.000003,2.387722
0.000006,2.386717
0.000011,2.382623
0.000004,2.390498
0.000004,2.388804
0.000034,2.382752
0.000005,2.385335
0.000006,2.387683
0.000003,2.384957
0.000004,2.391223
0.000013,2.385604
0.000007,2.383609
0.000018,2.384054
0.000003,2.388321
0.001324,2.357226
0.000005,2.391276
0.000002,2.393285
0.000009,2.385273
0.000167,2.375682
0.000001,2.387465
0.000044,2.378964
0.000003,2.388555
0.000002,2.389171
0.000004,2.382755
0.000013,2.388546
0.000212,2.383298
0.000001,2.390020
0.000013,2.388244
0.000006,2.383389
0.000001,2.389498
0.000033,2.382859
0.000001,2.390673
0.000145,2.375911
0.000001,2.383240
0.000009,2.385056
0.000001,2.382699
0.000001,2.384239
0.000004,2.385049
0.000004,2.384524
0.000001,2.385850
0.000005,2.383388
0.000094,2.380637
0.000001,2.386532
0.000002,2.388826
0.000002,2.385349
0.000002,2.384106
0.000001,2.390690
0.000040,2.385998
0.000001,2.387475
0.000020,2.383852
0.000001,2.388625
0.000011,2.389051
0.000049,2.378159
0.000032,2.378728
0.000026,2.383543
0.000004,2.385748
0.000001,2.385255
0.000008,2.387541
0.000002,2.382411
0.000011,2.385177
0.000002,2.385653
0.000007,2.382937
0.000023,2.381454
0.000001,2.388309
0.000075,2.373483
0.000005,2.388088
0.000008,2.383874
0.000003,2.382036
0.000006,2.389253
0.000007,2.386043
0.000004,2.383548
0.000011,2.386743
0.000005,2.389092
0.000004,2.385668
0.000002,2.385375
0.000003,2.386703
0.000003,2.383677
0.000002,2.385911
0.000020,2.386535
0.000010,2.388839
0.000005,2.383416
0.000019,2.382033
0.000007,2.381297
0.000002,2.384566
0.000005,2.385431
0.000002,2.385375
0.000005,2.387573
0.000006,2.384659
0.000004,2.386773
0.000005,2.382387
0.000008,2.381141
0.000005,2.389294
0.000009,2.386689
0.000004,2.381120
0.000007,2.384138
0.000008,2.376803
0.000004,2.382398
0.000007,2.382627
0.000045,2.377403
0.000035,2.384106
0.000006,2.385840
0.000005,2.385523
0.000008,2.389850
0.000008,2.390898
0.000007,2.387064
0.000008,2.386782
0.000011,2.385926
0.000006,2.390183
0.000003,2.385566
0.000001,2.392123
0.000001,2.385916
0.000001,2.388175
0.000001,2.389235
0.000001,2.386801
0.000006,2.390412
