0.000213,nan
0.000125,nan
0.000163,nan
0.000115,nan
0.000133,nan
0.000074,nan
0.000149,nan
0.000109,nan
0.000076,nan
0.000073,nan
0.000105,nan
0.000055,nan
0.000157,nan
0.000053,nan
0.000197,nan
0.000081,nan
0.000082,nan
0.000086,nan
0.000020,nan
0.000093,nan
0.000018,nan
0.000067,nan
0.000029,nan
0.000221,nan
0.000061,nan
0.000036,nan
0.000046,nan
0.000099,nan
0.000048,nan
0.000030,nan
0.000047,nan
0.000028,nan
0.000054,nan
0.000077,nan
0.000026,nan
0.000052,nan
0.000032,nan
0.000037,nan
0.000018,nan
0.000044,nan
0.000052,nan
0.000043,nan
0.000019,nan
0.000052,nan
0.000026,nan
0.000011,nan
0.000025,nan
0.000040,nan
0.000025,nan
0.000023,nan
0.000044,nan
0.000016,nan
0.000021,nan
0.000035,nan
0.000062,nan
0.000021,nan
0.000025,nan
0.000026,nan
0.000006,nan
0.000019,nan
0.000011,nan
0.000011,nan
0.000031,nan
0.000009,nan
0.000038,nan
0.000016,nan
0.000307,nan
0.000031,nan
0.000091,nan
0.000028,nan
0.000029,nan
0.000011,nan
0.000030,nan
0.000043,nan
0.000086,nan
0.000030,nan
0.000013,nan
0.000013,nan
0.000035,nan
0.000015,nan
0.000035,nan
0.000025,nan
0.000018,nan
0.000011,nan
0.000019,nan
0.000024,nan
0.000022,nan
0.000014,nan
0.000016,nan
0.000029,nan
0.000013,nan
0.000020,nan
0.000015,nan
0.000022,nan
0.000016,nan
0.000011,nan
0.000012,nan
0.000025,nan
0.000031,nan
0.000023,nan
0.000052,nan
0.000017,nan
0.000016,nan
0.000051,nan
0.000018,nan
0.000018,nan
0.000010,nan
0.000015,nan
0.000006,nan
0.000031,nan
0.000034,nan
0.000020,nan
0.000092,nan
0.000030,nan
0.000016,nan
0.000019,nan
0.000008,nan
0.000021,nan
0.000021,nan
0.000014,nan
0.000013,nan
0.000013,nan
0.000025,nan
0.000053,nan
0.000009,nan
0.000014,nan
0.000009,nan
0.000009,nan
0.000006,nan
0.000015,nan
0.000016,nan
0.000011,nan
0.000006,nan
0.000015,nan
0.000012,nan
0.000013,nan
0.000006,nan
0.000036,nan
0.000009,nan
0.000009,nan
0.000012,nan
0.000012,nan
0.000011,nan
0.000008,nan
0.000007,nan
0.000004,nan
0.000011,nan
0.000016,nan
0.000012,nan
0.000012,nan
0.000008,nan
0.000007,nan
0.000012,nan
0.000008,nan
0.000010,nan
0.000019,nan
0.000007,nan
0.000003,nan
0.000023,nan
0.000017,nan
0.000006,nan
0.000036,nan
0.000012,nan
0.000004,nan
0.000021,nan
0.000004,nan
0.000003,nan
0.000021,nan
0.000007,nan
0.000009,nan
0.000007,nan
0.000016,nan
0.000077,nan
0.000012,nan
0.000005,nan
0.000007,nan
0.000012,nan
0.000008,nan
0.000008,nan
0.000011,nan
0.000010,nan
0.000014,nan
0.000016,nan
0.000017,nan
0.000004,nan
0.000017,nan
0.000012,nan
0.000010,nan
0.000004,nan
0.000005,nan
0.000011,nan
0.000018,nan
0.000012,nan
0.000011,nan
0.000005,nan
0.000034,nan
0.000018,nan
0.000008,nan
0.000014,nan
0.000005,nan
0.000092,nan
0.000007,nan
0.000037,nan
0.000018,nan
0.000009,nan
0.000015,nan
0.000010,nan
0.000006,nan
0.000005,nan
0.000012,nan
0.000015,nan
0.000011,nan
0.000014,nan
0.000006,nan
0.000020,nan
0.000043,nan
0.000079,nan
0.000062,nan
0.000039,nan
0.000051,nan
0.000020,nan
0.000026,nan
0.000021,nan
0.000039,nan
0.000025,nan
0.000034,nan
0.000013,nan
0.000028,nan
0.000034,nan
0.000023,nan
0.000026,nan
0.000017,nan
0.000019,nan
0.000018,nan
0.000015,nan
0.000013,nan
0.000022,nan
0.000015,nan
0.000009,nan
0.000012,nan
0.000012,nan
0.000008,nan
0.000010,nan
0.000012,nan
0.000027,nan
0.000008,nan
0.000009,nan
0.000022,nan
0.000007,nan
0.000007,nan
0.000004,nan
0.000012,nan
0.000003,nan
0.000011,nan
0.000009,nan
0.000017,nan
0.000007,nan
0.000019,nan
0.000007,nan
0.000008,nan
0.000008,nan
0.000009,nan
0.000033,nan
0.000056,nan
0.000004,nan
0.000015,nan
0.000004,nan
0.000004,nan
0.000004,nan
0.000006,nan
0.000004,nan
0.000011,nan
0.000004,nan
0.000005,nan
0.000023,nan
0.000011,nan
0.000003,nan
0.000019,nan
0.000011,nan
0.000003,nan
0.000015,nan
0.000004,nan
0.000006,nan
0.000003,nan
0.000003,nan
0.000007,nan
0.000015,nan
0.000016,nan
0.000004,nan
0.000019,nan
0.000018,nan
0.000009,nan
0.000006,nan
0.000010,nan
0.000005,nan
0.000003,nan
0.000011,nan
0.000005,nan
0.000006,nan
0.000002,nan
0.000006,nan
0.000007,nan
0.000009,nan
0.000005,nan
0.000013,nan
0.000006,nan
0.000009,nan
0.000004,nan
0.000014,nan
0.000009,nan
0.000007,nan
0.000005,nan
0.000007,nan
0.000003,nan
0.000008,nan
0.000008,nan
0.000006,nan
0.000006,nan
0.000003,nan
0.000006,nan
0.000011,nan
0.000004,nan
0.000004,nan
0.000034,nan
0.000005,nan
0.000006,nan
0.000003,nan
0.000004,nan
0.000012,nan
0.000007,nan
0.000018,nan
0.000003,nan
0.001321,nan
0.000005,nan
0.000002,nan
0.000009,nan
0.000166,nan
0.000001,nan
0.000044,nan
0.000003,nan
0.000002,nan
0.000004,nan
0.000013,nan
0.000211,nan
0.000001,nan
0.000013,nan
0.000006,nan
0.000001,nan
0.000032,nan
0.000001,nan
0.000145,nan
0.000001,nan
0.000009,nan
0.000001,nan
0.000001,nan
0.000004,nan
0.000004,nan
0.000001,nan
0.000005,nan
0.000093,nan
0.000001,nan
0.000002,nan
0.000002,nan
0.000002,nan
0.000001,nan
0.000040,nan
0.000001,nan
0.000020,nan
0.000001,nan
0.000011,nan
0.000049,nan
0.000032,nan
0.000026,nan
0.000004,nan
0.000001,nan
0.000008,nan
0.000002,nan
0.000011,nan
0.000002,nan
0.000007,nan
0.000023,nan
0.000001,nan
0.000075,nan
0.000005,nan
0.000008,nan
0.000003,nan
0.000006,nan
0.000007,nan
0.000004,nan
0.000011,nan
0.000005,nan
0.000004,nan
0.000002,nan
0.000003,nan
0.000003,nan
0.000002,nan
0.000020,nan
0.000010,nan
0.000005,nan
0.000018,nan
0.000007,nan
0.000002,nan
0.000005,nan
0.000002,nan
0.000005,nan
0.000006,nan
0.000004,nan
0.000005,nan
0.000008,nan
0.000005,nan
0.000009,nan
0.000004,nan
0.000007,nan
0.000008,nan
0.000004,nan
0.000007,nan
0.000045,nan
0.000034,nan
0.000006,nan
0.000005,nan
0.000008,nan
0.000008,nan
0.000007,nan
0.000008,nan
0.000011,nan
0.000006,nan
0.000003,nan
0.000001,nan
0.000001,nan
0.000001,nan
0.000001,nan
0.000001,nan
0.000005,nan
