
a+: 
abound: 0.000000277,18;
abounds: 
abundance: 
abundant: 0.000002849,12;
accessable: 
accessible: 0.000000023,16;0.000000143,14;0.000001978,7;0.000000288,21;0.000001134,11;0.000010766,14;
acclaim: 0.000000051,31;
acclaimed: 0.000016694,8;
acclamation: 
accolade: 
accolades: 
accommodative: 
accomodative: 
accomplish: 0.000101835,2;0.000000035,17;
accomplished: 0.000010204,9;0.000000015,26;0.000003738,6;0.000003749,7;0.000000097,24;0.000001925,14;0.000096444,2;
accomplishment: 0.000002142,13;
accomplishments: 0.000000171,22;
accurate: 0.000000144,11;0.000000046,28;
accurately: 0.000003212,9;0.000000622,13;
achievable: 
achievement: 0.000000028,22;0.000000073,24;0.000002766,9;0.000001714,15;0.000000011,31;0.000101194,5;
achievements: 0.000000274,21;0.000000273,16;
achievible: 
acumen: 0.000330068,14;
adaptable: 
adaptive: 
adequate: 0.000409768,8;
adjustable: 
admirable: 0.000011267,11;0.000000129,8;0.000000544,16;0.000040917,2;0.000000099,21;
admirably: 0.000000129,20;0.000000038,21;
admiration: 
admire: 0.000000022,25;0.000000202,22;0.000000615,12;
admirer: 
admiring: 
admiringly: 
adorable: 0.000000633,19;0.000041480,7;
adore: 
adored: 
adorer: 
adoring: 0.000021783,5;
adoringly: 
adroit: 
adroitly: 
adulate: 
adulation: 
adulatory: 
advanced: 
advantage: 0.000001138,5;0.000000047,13;
advantageous: 
advantageously: 
advantages: 
adventuresome: 
adventurous: 0.000000072,27;0.000000113,11;0.000002342,10;0.000293505,21;0.000147174,2;
advocate: 
advocated: 
advocates: 
affability: 
affable: 0.000000003,34;0.000005330,8;
affably: 
affectation: 
affection: 0.000016519,10;0.000000153,21;0.000009835,6;0.000209011,3;0.000000001,25;0.000000546,9;0.000008179,11;0.000105868,5;0.000007748,16;
affectionate: 0.000001213,13;0.000076521,5;
affinity: 
affirm: 0.000000068,19;
affirmation: 
affirmative: 
affluence: 0.000000151,19;
affluent: 
afford: 0.000000044,23;0.000001425,21;
affordable: 
affordably: 
afordable: 
agile: 
agilely: 
agility: 
agreeable: 
agreeableness: 
agreeably: 0.000000014,22;
all-around: 0.000000594,12;
alluring: 0.000000072,24;0.000162229,2;0.000000037,26;
alluringly: 
altruistic: 
altruistically: 
amaze: 0.000003175,8;
amazed: 
amazement: 
amazes: 
amazing: 0.000000152,10;0.000488680,1;0.000488680,2;0.000000125,11;0.000027232,6;0.000000399,23;0.000089575,4;0.000000505,16;0.000000001,41;0.000000402,12;0.000000104,20;0.000000186,22;
amazingly: 0.000005491,15;0.000000069,20;
ambitious: 0.000000005,15;0.000292447,3;0.000292447,2;0.000292447,3;0.000002167,14;0.000000926,20;0.000003117,7;0.000000709,14;0.000000075,20;0.000059285,5;0.000000467,11;0.000000910,10;0.000794280,10;
ambitiously: 0.000014208,8;
ameliorate: 
amenable: 
amenity: 
amiability: 
amiabily: 
amiable: 0.000001517,24;0.000000422,16;0.000000329,18;
amicability: 
amicable: 0.000047117,5;
amicably: 
amity: 
ample: 0.000000172,15;
amply: 
amuse: 0.000000013,25;
amusing: 0.000000769,12;0.000000749,10;0.000000019,19;0.000000001,30;0.000000125,17;0.000000121,12;0.000000140,10;0.000000000,28;0.000005798,12;0.000000624,11;0.000050392,2;0.000018315,7;0.000174493,21;0.000041730,6;0.000041730,6;0.000016343,11;0.000016112,6;0.000001143,13;0.000005710,11;0.000000073,21;0.000001381,8;0.000003551,9;0.000023220,10;
amusingly: 
angel: 0.000000121,22;0.000001516,12;0.000000010,31;0.000010605,9;
angelic: 
apotheosis: 
appeal: 0.000002211,6;0.000152130,7;0.000002396,12;0.000001637,13;0.000000005,30;0.000065475,5;0.000065475,6;0.000000063,16;0.000021553,5;0.000000047,19;0.000000242,22;0.000000067,36;
appealing: 0.000084695,12;0.000333548,5;0.000000504,13;0.000016356,2;0.000001764,5;0.000005023,2;0.000000410,22;0.000000005,35;0.000212129,3;0.000000434,30;0.000016889,14;0.000004782,11;0.000821287,7;0.000003124,8;0.000019092,13;
applaud: 
appreciable: 
appreciate: 0.000000003,22;0.000000842,7;0.000102222,3;0.000000563,12;0.000001048,14;
appreciated: 0.000000063,23;0.000000380,23;
appreciates: 0.000000061,14;
appreciative: 
appreciatively: 
appropriate: 0.000001102,8;0.000001090,8;0.000015895,8;
approval: 
approve: 
ardent: 0.000000070,20;
ardently: 
ardor: 0.000000612,14;
articulate: 0.000000391,7;0.000003035,17;
aspiration: 
aspirations: 0.001101042,4;
aspire: 
assurance: 0.000000046,32;
assurances: 
assure: 
assuredly: 0.000000002,17;
assuring: 
astonish: 0.000000844,12;
astonished: 
astonishing: 0.000313433,9;0.000000065,18;0.000000307,11;0.000002146,18;0.000002701,15;0.000000047,28;
astonishingly: 0.000000894,6;0.000000179,9;0.000000179,9;0.000001176,15;
astonishment: 
astound: 
astounded: 
astounding: 0.000000037,16;0.000000002,29;0.000000030,27;
astoundingly: 0.000000831,14;
astutely: 
attentive: 0.000000679,11;
attraction: 0.000000575,7;0.000000002,29;0.000000206,25;0.000000005,28;0.000000026,19;
attractive: 0.000001602,5;0.000001720,14;0.000000003,29;0.000015469,9;
attractively: 
attune: 
audible: 
audibly: 
auspicious: 0.000000380,8;
authentic: 0.000041910,5;0.000000003,25;0.000000535,23;0.000000607,13;
authoritative: 
autonomous: 
available: 0.000000052,25;
aver: 
avid: 
avidly: 
award: 0.000004033,3;0.000000543,20;
awarded: 0.000001394,18;
awards: 0.000000016,21;0.000000043,15;0.000000030,19;
awe: 0.000000002,27;0.000000022,17;0.000080745,2;
awed: 0.000000026,26;
awesome: 0.000016807,6;0.000109190,7;
awesomely: 
awesomeness: 
awestruck: 
awsome: 
backbone: 0.000000186,17;
balanced: 0.000000083,14;0.000000035,26;
bargain: 
beauteous: 
beautiful: 0.000087941,15;0.000003070,14;0.000003647,8;0.000018637,8;0.000000087,16;0.000000008,19;0.000000003,29;0.000000005,20;0.000000051,19;0.000000012,19;0.000000022,15;0.000000177,17;0.000001020,4;0.000008013,12;0.000005276,8;0.000001523,17;0.000023188,4;0.000011887,9;0.000020329,6;0.000004921,17;0.000172235,3;0.000095722,4;0.000000353,17;0.000000383,19;0.000000110,23;0.000001152,17;0.000000208,10;0.000154604,2;0.000000636,9;0.000000074,16;0.000000021,22;0.000001873,9;
beautifullly: 
beautifully: 0.000025125,3;0.000025125,2;0.000003725,5;0.000019990,4;0.000019990,9;0.000001646,10;0.000001246,7;0.000001692,8;0.000000001,21;0.000000004,13;0.000000282,6;0.000000670,6;0.000002370,10;0.000004556,12;0.000002639,16;0.000000293,18;0.000005385,11;0.000003739,10;0.000109873,2;0.000000129,29;0.000000482,23;0.000000005,33;0.000001990,15;0.000001990,5;0.000000030,27;0.000000040,23;0.000000605,22;0.000000011,29;0.000052284,7;0.000052284,4;0.000000031,20;0.000011344,5;0.000201450,2;0.000063713,4;0.000001055,9;0.000000001,38;
beautify: 
beauty: 0.000002845,11;0.000019743,4;0.000000001,33;0.000012657,10;0.000012657,9;0.000001031,15;0.000001488,9;0.000006129,3;0.000000397,22;0.000012385,11;0.000002635,14;0.000023782,4;0.000000763,15;0.000000473,15;0.000000847,14;0.000077194,13;0.000004431,13;0.000008300,20;
beckon: 
beckoned: 
beckoning: 
beckons: 0.000016073,9;
believable: 0.000010167,4;0.000009896,3;0.000009896,4;0.000000174,15;0.000029092,9;0.000000880,8;0.000000715,16;0.000026557,11;0.000000029,30;0.000000111,12;0.000126249,3;
believeable: 
beloved: 0.000006174,14;
benefactor: 
beneficent: 
beneficial: 
beneficially: 
beneficiary: 
benefit: 0.000000004,32;0.000000082,23;0.000000032,26;0.000007217,10;
benefits: 0.000000245,27;0.000002398,18;
benevolence: 
benevolent: 
benifits: 
best: 0.000047979,10;0.000003935,10;0.000000970,19;0.000003861,9;0.000003861,13;0.000120889,2;0.000120889,1;0.000012377,3;0.000008387,7;0.000000034,24;0.000000034,21;0.000000831,15;0.000000861,14;0.000006039,6;0.000006039,3;0.000000003,28;0.000001339,10;0.000000329,16;0.000000329,17;0.000003031,6;0.000001815,7;0.000000122,9;0.000001005,7;0.000000008,24;0.000000064,18;0.000000961,18;0.000000961,6;0.000000140,11;0.000000140,7;0.000000396,10;0.000000001,35;0.000000380,10;0.000000007,20;0.000000782,8;0.000000092,16;0.000002478,8;0.000034004,15;0.000001939,16;0.000000134,25;0.000003626,17;0.000148251,2;0.000004225,11;0.000002576,10;0.000004735,12;0.000011403,6;0.000010456,8;0.000021567,8;0.000021567,7;0.000014282,11;0.000000973,10;0.000000973,15;0.000003722,9;0.000003722,8;0.000017461,12;0.000012903,15;0.000000712,19;0.000001553,24;0.000103856,2;0.000000541,12;0.000000001,44;0.000000748,15;0.000001902,6;0.000005011,6;0.000000031,26;0.000000200,23;0.000000200,22;0.000003882,7;0.000004857,8;0.000004857,10;0.000005887,11;0.000000120,27;0.000003338,13;0.000003338,11;0.000004674,13;0.000010077,23;0.000010077,24;0.000010077,11;0.000000168,16;0.000000006,29;0.000012183,9;0.000000509,13;0.000036611,4;0.000000107,16;0.000000435,15;0.000000659,14;0.000051571,3;0.001370996,15;0.000000013,28;0.000000066,16;0.000000011,34;0.000130651,7;0.000056713,4;0.000041875,6;0.000041875,7;0.000041875,6;0.000000034,23;0.000000926,13;0.000002466,19;0.000000609,27;0.000005870,13;0.000002132,11;0.000039389,11;0.000000446,21;0.000068096,3;0.000000373,18;
best-known: 0.000001402,8;
best-performing: 
best-selling: 
better: 0.000074816,21;0.000073763,15;0.000002446,21;0.000000189,14;0.000000002,40;0.000000000,23;0.000000003,31;0.000046930,4;0.000000440,5;0.000000267,16;0.000000053,15;0.000000007,24;0.000003799,15;0.000000884,18;0.000000485,18;0.000143365,3;0.000000006,21;0.000000001,28;0.000000029,29;0.000000016,42;0.000039347,6;0.000039347,7;0.000000227,26;0.006286976,7;0.000003244,11;0.000000117,19;0.000001404,18;0.000016945,6;0.000000028,31;0.000012893,9;0.000012893,7;0.000000005,28;0.000011926,5;0.000012208,6;0.000000006,30;0.000000178,19;0.000000618,9;0.000001739,9;0.000000016,18;0.000004749,8;0.000002299,18;0.000000529,24;0.000000722,14;0.000002009,10;0.000001198,13;
better-known: 
better-than-expected: 
beutifully: 
blameless: 
bless: 0.000000051,18;
blessing: 
bliss: 0.000002718,10;
blissful: 
blissfully: 
blithe: 0.000000528,15;0.000000464,15;
blockbuster: 0.000000483,10;0.000000054,19;0.000000106,25;
bloom: 
blossom: 
bolster: 0.000000034,19;
bonny: 
bonus: 0.000000004,40;
bonuses: 
boom: 
booming: 
boost: 0.000108343,2;0.000000641,13;
boundless: 
bountiful: 
brainiest: 
brainy: 
brand-new: 0.000056956,13;
brave: 0.000060099,11;0.000010539,8;0.000049038,4;
bravery: 0.000001797,11;0.000000000,42;0.000000598,20;
bravo: 0.000000045,18;0.000000101,23;
breakthrough: 0.000000329,13;0.000000295,13;0.000000504,12;
breakthroughs: 
breathlessness: 
breathtaking: 0.000011048,1;0.000006731,13;0.000000097,19;0.000000095,20;0.000173045,3;0.000173045,4;0.000006422,15;
breathtakingly: 0.000004369,4;0.000001449,10;0.000002353,14;0.000002626,13;
breeze: 
bright: 0.000000012,12;0.000000003,23;0.000000001,24;0.000032013,7;0.000000636,21;0.000004256,8;0.000010350,10;
brighten: 
brighter: 
brightest: 
brilliance: 0.000000001,35;
brilliances: 
brilliant: 0.000052570,2;0.000000871,9;0.000001912,6;0.000000029,24;0.000000002,34;0.000000447,7;0.000002332,4;0.000000002,25;0.000007224,3;0.000000390,9;0.000002694,19;0.000000298,19;0.000004590,6;0.000002791,10;0.000000153,14;0.000186901,2;0.000000046,20;0.000048806,4;0.000048806,5;
brilliantly: 0.000005292,11;0.000000266,13;0.000010935,5;0.000000223,8;0.000067772,4;0.000009666,16;
brisk: 0.000002543,6;0.000000203,9;
brotherly: 
bullish: 
buoyant: 0.000000020,28;0.000001587,11;0.000004203,8;0.000016163,16;0.000000651,19;0.000051423,5;
cajole: 
calm: 0.000000004,29;0.000000091,31;
calming: 
calmness: 
capability: 0.000000833,9;0.000017362,5;0.000000211,13;
capable: 0.000001066,15;0.000000011,21;0.000000000,42;0.000094629,1;
capably: 
captivate: 
captivating: 0.000001424,12;0.000000042,26;0.000069763,3;0.000000083,22;0.000000622,7;0.000000087,23;0.000001018,10;
carefree: 
cashback: 
cashbacks: 
catchy: 
celebrate: 0.000000659,19;
celebrated: 0.000001985,19;
celebration: 0.000000515,16;0.000000274,20;0.000000042,19;
celebratory: 0.000049469,6;
champ: 
champion: 0.000007801,12;0.000001005,11;
charisma: 0.000000029,30;0.000002602,11;0.000000988,13;0.000000001,29;
charismatic: 0.000000004,34;0.000000281,12;0.000007772,13;0.000007678,18;
charitable: 
charm: 0.001456401,7;0.004990744,2;0.000006676,6;0.000000463,16;0.000000381,8;0.000006086,2;0.000033032,3;0.000000215,19;0.000000164,28;0.000001388,15;0.000010481,11;0.000002538,13;0.000000011,27;0.000002258,16;0.000000672,15;0.000004334,9;0.000000468,19;0.000141339,2;0.000173740,16;0.000000164,21;0.000144049,3;0.000011836,7;0.000002174,14;
charming: 0.007966639,2;0.000021013,2;0.000000016,19;0.000000403,14;0.000003802,5;0.000000071,13;0.000000044,25;0.000000227,9;0.000007260,7;0.000000186,12;0.000001192,10;0.000007863,4;0.022095867,1;0.000044088,10;0.000044088,8;0.000000909,12;0.000009854,9;0.000012749,5;0.000000878,12;0.000000009,32;0.000005147,10;0.000000019,19;0.000005492,11;0.000014871,8;0.000000030,26;0.000000030,28;0.000024956,6;0.000024812,11;0.000046630,13;0.000010958,10;
charmingly: 
chaste: 
cheaper: 0.000124734,8;
cheapest: 
cheer: 0.000004119,4;0.000001570,18;
cheerful: 
cheery: 0.000002250,15;
cherish: 0.000000032,28;0.000001026,13;
cherished: 0.000006567,5;
cherub: 
chic: 
chivalrous: 
chivalry: 
civility: 
civilize: 
clarity: 0.000000103,20;0.000000064,16;0.000001089,15;0.000137531,2;0.000140249,7;0.000000212,18;
classic: 0.000009128,17;0.000000007,19;0.000000011,19;0.000001905,12;0.000000589,13;0.000003665,7;0.000000012,24;0.000000021,21;0.000000040,24;0.000122465,2;0.000040293,5;0.000001523,12;
classy: 0.000000170,8;
clean: 
cleaner: 
cleanest: 
cleanliness: 
cleanly: 
clear: 0.000000013,23;0.000015211,5;0.000000080,26;0.000001168,8;0.000000022,24;0.000010348,18;0.000000021,28;
clear-cut: 0.000000789,12;
cleared: 
clearer: 
clearly: 0.000000866,13;0.000000006,23;0.000002222,15;0.000001596,25;0.000000246,14;
clears: 
clever: 0.000000289,15;0.000004249,15;0.000004769,5;0.000000050,13;0.000000008,26;0.000014437,7;0.000000398,23;0.000001865,13;0.000001865,14;0.000003147,13;0.000000490,15;0.000000050,28;0.000005599,14;0.000000698,17;0.000000027,28;0.000007802,8;0.000000138,15;0.000000042,18;0.000003339,5;0.000003339,11;0.000040998,4;0.000037357,9;0.000000022,28;0.000008118,6;0.000025319,4;
cleverly: 0.000000123,24;0.000000802,22;0.000000178,16;
cohere: 
coherence: 
coherent: 0.000000003,19;
cohesive: 0.000000013,19;0.000012381,14;
colorful: 0.000000981,8;0.000000017,25;0.000000016,23;0.000000445,8;0.000000348,24;0.000003913,10;0.000000103,22;0.000001464,14;0.000000086,24;0.000000194,21;0.000000353,15;0.000017025,3;0.000004982,14;
comely: 
comfort: 0.000000345,11;0.000000805,9;0.000001898,9;0.000000056,21;
comfortable: 0.000006353,11;0.000000010,24;0.000004001,17;0.000067603,6;0.000039700,6;
comfortably: 
comforting: 0.000000297,11;
comfy: 
commend: 0.000000184,24;
commendable: 
commendably: 
commitment: 
commodious: 
compact: 
compactly: 
compassion: 0.000000332,12;0.000000026,20;0.000000191,19;0.000083504,5;0.000000064,29;
compassionate: 0.000001583,15;0.000002717,13;
compatible: 0.000007174,5;
competitive: 
complement: 
complementary: 
complemented: 
complements: 
compliant: 
compliment: 0.000000061,31;
complimentary: 
comprehensive: 
conciliate: 
conciliatory: 
concise: 
confidence: 0.000000464,14;0.000000464,19;0.000001015,11;0.000001176,10;
confident: 0.000000752,14;0.000000076,22;0.000009115,2;0.000000042,17;0.000000039,16;0.000000260,29;
congenial: 
congratulate: 
congratulation: 
congratulations: 
congratulatory: 
conscientious: 
considerate: 
consistent: 0.000003833,24;0.000000389,19;
consistently: 0.000000475,10;0.000000130,14;0.000002635,13;0.000009201,10;0.000000240,22;0.000000240,23;0.000001267,11;0.000124571,3;0.000002310,10;0.011031907,4;
constructive: 
consummate: 0.000013609,5;0.000017004,12;
contentment: 
continuity: 
contrasty: 
contribution: 0.000000133,22;0.000000087,21;
convenience: 0.000088542,3;
convenient: 
conveniently: 
convience: 
convienient: 
convient: 
convincing: 0.000000619,12;0.000000001,35;0.000000004,27;0.000002559,5;0.000000126,11;0.000001348,16;0.000000883,21;0.000001132,7;0.000000153,33;0.000002085,14;0.000000746,11;
convincingly: 0.000002182,10;0.000049576,3;
cool: 0.000000027,29;0.000051606,2;0.000051606,4;0.003115215,1;0.000000556,9;0.000000006,16;0.000000007,25;0.000000089,9;0.000000169,23;0.000000717,14;0.000000269,21;0.000000002,40;0.000004552,7;0.000000547,15;0.000001579,19;
coolest: 
cooperative: 
cooperatively: 
cornerstone: 
correct: 
correctly: 0.000017741,8;
cost-effective: 
cost-saving: 
counter-attack: 
counter-attacks: 
courage: 0.000000012,26;0.000002803,8;0.000000312,22;0.000000122,31;0.000002255,12;0.000011405,9;
courageous: 0.000000096,14;0.000010402,8;
courageously: 
courageousness: 0.000144998,15;
courteous: 
courtly: 
covenant: 
cozy: 
creative: 0.000203133,11;0.000001803,12;0.000001803,24;0.000004636,13;0.000000251,11;0.000000158,14;0.000000071,19;0.000001847,9;0.000000376,20;0.000001015,13;0.000043379,5;0.000043183,5;0.000000033,23;
credence: 
credible: 0.000003138,8;0.000021480,9;0.000001050,22;
crisp: 0.000082309,16;0.000000212,13;0.000001221,14;0.000039451,10;0.000004337,16;0.000000035,22;0.000006704,15;0.000000030,33;
crisper: 0.000000217,22;
cure: 0.000007522,8;
cure-all: 
cushy: 
cute: 0.000300296,14;0.000000215,29;0.000000157,23;0.000029911,5;0.000040536,5;
cuteness: 0.000135954,15;0.000000005,30;
danke: 
danken: 
daring: 0.000000309,20;0.000010276,11;0.000167420,2;0.000000018,31;
daringly: 0.000000238,22;
darling: 0.000000000,50;0.000000078,15;0.000000007,22;
dashing: 0.000000087,12;0.000000004,39;
dauntless: 
dawn: 0.000000525,17;
dazzle: 0.000000189,20;
dazzled: 
dazzling: 0.000000908,14;0.000000987,9;0.000000482,16;0.000002357,7;0.000000198,27;0.000000814,11;0.000212528,2;0.000156559,2;0.000001685,13;0.000000518,12;
dead-cheap: 
dead-on: 0.000001669,11;
decency: 0.000002132,10;0.000015885,7;
decent: 0.000000710,17;0.000005634,8;0.000005634,8;0.000000848,6;0.000000172,14;0.000000844,23;0.000033924,2;0.000002493,13;0.000036127,5;0.000000497,18;
decisive: 0.000000033,30;
decisiveness: 
dedicated: 0.000001539,7;
defeat: 
defeated: 0.000000072,13;
defeating: 
defeats: 
defender: 
deference: 
deft: 0.000001057,6;0.000000120,23;0.000001161,7;0.000001567,11;0.000021272,8;0.000000507,13;0.000017471,11;0.000000232,18;
deginified: 
delectable: 0.000033998,8;0.000000289,14;
delicacy: 
delicate: 0.000000000,41;0.000003528,5;0.000002866,8;0.000000638,13;0.000000105,24;0.000025530,8;0.000000000,44;0.000006876,15;0.000039597,6;0.000000146,19;0.000000005,31;0.000052955,5;
delicious: 0.000005778,11;0.000000325,10;0.000000002,36;0.000000216,15;0.000004175,7;0.000000090,22;
delight: 0.000008717,3;0.000005823,15;0.000077216,7;0.000009394,14;0.000000375,19;0.000000054,35;0.000007294,5;0.000004472,8;0.000007076,8;0.000193879,4;
delighted: 0.000006218,13;
delightful: 0.000278648,2;0.001476900,1;0.000000766,21;0.000000496,17;0.000000011,23;0.000000311,9;0.000000109,11;0.000000436,9;0.000000010,26;0.000011842,2;0.001120317,1;0.000000460,23;0.000015148,10;0.000000204,22;0.001534514,4;0.000011747,6;0.000190314,5;0.000009830,12;0.000000120,26;
delightfully: 0.000007981,6;0.000000079,8;0.000000693,13;0.000000029,27;0.000003208,9;0.000000045,19;0.000068027,4;
delightfulness: 
dependable: 
dependably: 
deservedly: 
deserving: 0.003129474,5;
desirable: 0.000000151,15;
desiring: 
desirous: 
destiny: 0.000000110,18;
detachable: 
devout: 
dexterous: 
dexterously: 
dextrous: 
dignified: 
dignify: 
dignity: 0.000001031,15;0.000009507,4;0.000016251,10;0.000000162,20;0.000000426,17;
diligence: 
diligent: 
diligently: 
diplomatic: 
dirt-cheap: 
distinction: 
distinctive: 0.000015902,6;0.000000892,21;0.000006308,10;0.000000078,18;
distinguished: 0.000001648,10;0.000000001,33;0.000001270,13;
diversified: 
divine: 0.000000608,16;0.000000238,11;0.000000019,18;0.000001019,24;
divinely: 
dominate: 0.000000279,8;
dominated: 0.000000283,26;
dominates: 
dote: 
dotingly: 
doubtless: 
dreamland: 
dumbfounded: 
dumbfounding: 
dummy-proof: 
durable: 0.000000506,21;
dynamic: 
eager: 0.000027485,5;0.000000324,28;
eagerly: 
eagerness: 0.000000024,46;
earnest: 0.000047165,21;0.000000018,34;0.000000530,9;0.000000019,18;0.000000005,30;0.000000648,14;0.000000539,20;0.000000118,22;0.000000159,18;0.000000174,18;0.000080539,12;0.000001595,31;0.000002520,8;
earnestly: 
earnestness: 0.000000031,31;0.000000010,20;0.000007454,11;
ease: 0.000000023,26;0.000035378,3;0.000000496,14;
eased: 
eases: 
easier: 0.000000002,29;0.000020713,11;
easiest: 
easiness: 
easing: 
easy: 0.000000033,18;0.000002398,10;0.000000011,21;0.000011821,15;0.000000022,19;0.000002934,18;0.000000274,8;0.000000171,21;0.000032876,8;0.000010987,10;0.000010987,9;0.000010987,6;0.000032773,10;0.000056040,4;0.000072650,12;0.000072650,11;0.000077180,8;0.000000334,27;
easy-to-use: 
easygoing: 
ebullience: 
ebullient: 0.000000028,21;0.000003712,21;
ebulliently: 
ecenomical: 
economical: 0.000000011,25;0.000008591,13;
ecstasies: 
ecstasy: 0.000053377,3;
ecstatic: 
ecstatically: 
edify: 
educated: 
effective: 0.000021739,4;0.000021739,5;0.000000053,20;0.000000075,12;0.000000830,11;0.000004655,17;0.000002809,12;0.000000071,18;0.000038996,3;0.000000004,24;
effectively: 0.000000721,18;0.000000093,20;0.000000013,29;
effectiveness: 0.000000946,12;
effectual: 
efficacious: 
efficient: 0.000025281,3;0.000001896,26;
efficiently: 0.000139279,23;
effortless: 0.000000020,21;0.000000791,21;
effortlessly: 0.000001485,7;0.000006731,4;0.000003228,9;0.000184767,7;
effusion: 
effusive: 
effusively: 
effusiveness: 
elan: 
elate: 
elated: 
elatedly: 
elation: 
electrify: 
elegance: 0.000006790,4;0.000001564,17;0.000009971,22;
elegant: 0.000032004,4;0.000006359,7;0.000000012,22;0.000002657,5;0.000002554,12;0.000004356,12;0.000001183,15;0.000075542,7;0.000000393,13;0.000000110,28;0.000034521,5;
elegantly: 0.000000222,12;0.000000000,33;0.000000017,28;0.000000076,18;
elevate: 0.000000002,25;0.000000358,32;
elite: 0.000000067,27;
eloquence: 
eloquent: 0.000000229,22;0.000001694,14;0.000000268,24;0.000000268,24;0.000000375,17;0.000087527,8;
eloquently: 0.000000037,25;0.000006901,6;0.000007729,12;
embolden: 
eminence: 
eminent: 
empathize: 
empathy: 0.000072052,6;0.000012972,6;
empower: 
empowerment: 0.000000010,24;0.000004918,12;
enchant: 
enchanted: 
enchanting: 0.000051418,2;
enchantingly: 
encourage: 0.000004994,19;0.000000059,28;
encouragement: 
encouraging: 0.000002196,13;0.000000218,31;0.000015414,7;0.000074109,3;0.000077712,2;
encouragingly: 
endear: 
endearing: 0.000000707,14;0.000005960,2;0.000009305,3;0.000000003,25;0.000289532,5;0.000037916,6;0.000000306,16;0.000012624,10;0.000002336,12;
endorse: 
endorsed: 
endorsement: 
endorses: 
endorsing: 
energetic: 0.000000535,15;0.000000119,14;0.000000042,21;0.000000188,15;0.000000181,20;0.000086875,6;0.000000282,16;0.000001547,11;0.000142468,2;
energize: 
energy-efficient: 
energy-saving: 
engaging: 0.000000159,21;0.000000521,13;0.000000202,13;0.000000060,18;0.000000033,19;0.000000234,11;0.000000234,18;0.000000497,13;0.000000112,10;0.000000003,27;0.000007680,8;0.000007680,8;0.000008739,9;0.000020278,5;0.000000218,20;0.000034414,4;0.000468489,2;0.000023459,3;0.000000128,20;0.000000383,22;0.000012418,11;0.000003774,18;0.000009340,9;0.000081151,5;0.000000968,12;0.000000944,13;0.000000143,18;0.000000457,20;0.000000685,29;
engrossing: 0.000001266,14;0.000157488,2;0.000000000,34;0.000001304,6;0.000000109,12;0.000000001,23;0.000000062,17;0.000003587,3;0.000003159,2;0.000003159,4;0.000001684,7;0.000091882,4;0.000050812,3;0.000004608,14;0.000011166,3;0.000002198,12;0.000118485,3;0.000000111,19;0.000020271,6;0.000020271,9;0.000000026,25;0.000000126,15;
enhance: 
enhanced: 0.000001758,13;
enhancement: 
enhances: 0.000000285,18;0.000000095,14;0.000008673,9;
enjoy: 0.000000003,37;0.000000542,10;0.000000527,12;0.000001102,13;0.000009544,12;0.000019062,4;0.000085678,5;0.000041637,4;0.000000273,20;0.000010344,11;0.000000263,20;0.000001015,15;0.000161609,2;0.000040534,6;0.000040534,5;0.000022942,5;0.000000099,31;0.000046522,10;0.000020197,14;0.000000178,32;0.000141826,2;0.000034627,4;
enjoyable: 0.000114354,2;0.000114354,2;0.000003976,7;0.000026255,2;0.000000100,17;0.000000816,12;0.000000071,14;0.000000467,6;0.000002860,3;0.000000112,17;0.000000032,24;0.000000015,29;0.000002296,8;0.000078592,6;0.000003478,9;0.000000093,23;0.000001965,21;0.000006797,13;0.000050505,5;0.000076616,6;0.000000386,14;0.000000091,18;0.000180995,2;0.000009398,6;0.000000038,25;0.000009829,8;0.000034823,7;0.000034823,4;0.000000927,14;0.000000006,28;0.000181443,3;0.000008964,4;
enjoyably: 0.000000580,13;0.000000746,5;0.000112402,3;
enjoyed: 0.000000815,13;0.000007195,10;0.000008860,10;0.001275066,5;0.000000498,12;0.000001470,8;0.000052924,6;0.000006732,8;0.000063279,9;0.000000900,15;
enjoying: 0.000004306,11;0.000035598,7;
enjoyment: 0.000000805,22;0.000000043,27;0.000000536,18;
enjoys: 0.000000145,16;
enlighten: 
enlightenment: 
enliven: 
ennoble: 
enough: 0.000001980,20;0.000000715,23;0.000013448,10;0.000005941,9;0.000005941,11;0.000000011,26;0.000000210,18;0.000000210,15;0.000000214,13;0.000000214,15;0.000000995,12;0.000000197,16;0.000010974,4;0.000010974,2;0.000000032,25;0.000000041,14;0.000000008,15;0.000000030,22;0.000000011,30;0.000002167,10;0.000000162,13;0.000000162,15;0.000000062,11;0.000000228,11;0.000001974,4;0.000000063,20;0.000027203,4;0.000001782,19;0.000001628,15;0.000000595,18;0.000000017,28;0.000000554,11;0.000001326,11;0.000001326,17;0.000001986,10;0.000001986,18;0.000001986,15;0.000000060,25;0.000000073,30;0.000001331,16;0.000007796,11;0.000007796,12;0.000007796,12;0.000000708,16;0.000011923,14;0.000007301,20;0.000105746,3;0.000105746,7;0.000102801,5;0.000102801,3;0.000000260,20;0.000003146,11;0.000000035,24;0.000001608,10;0.000002761,19;0.000013234,12;0.000000003,31;0.000000481,13;0.000000109,24;0.000000009,29;0.000003943,10;0.004938001,2;0.004938002,1;0.004938001,7;0.004938001,2;0.000001948,10;0.000001948,14;0.000120084,2;0.000000026,27;0.000001571,13;0.000000127,22;0.000000057,21;0.000000128,40;0.000000128,41;0.000004959,23;
enrapt: 
enrapture: 
enraptured: 
enrich: 
enrichment: 
enterprising: 
entertain: 0.000003109,4;0.000000742,11;0.000001143,16;0.000084427,4;
entertaining: 0.000010438,16;0.000001358,9;0.000018251,7;0.000018251,3;0.000000428,15;0.000000428,16;0.000002383,11;0.000000419,16;0.000000419,10;0.000000017,16;0.000000017,21;0.000000659,9;0.000001918,7;0.000001918,8;0.000001918,8;0.000000576,15;0.000001969,8;0.000000091,12;0.000002730,8;0.000000021,19;0.000001469,3;0.000000000,42;0.000000010,14;0.000006712,7;0.000000262,7;0.000006488,1;0.000000090,13;0.000002298,6;0.000000102,22;0.000060841,5;0.000071186,2;0.000071186,2;0.001498465,1;0.001498465,1;0.000020897,6;0.000033690,3;0.000014434,14;0.000000065,29;0.000153558,4;0.000007055,8;0.000141880,4;0.000020386,9;0.000003229,9;0.000003229,9;0.000009286,7;0.000005531,6;0.000032454,4;0.001587359,13;0.000012339,7;0.000259193,3;0.000259193,3;0.000012913,6;0.000012913,8;0.000593595,24;0.000593595,3;0.000593595,9;0.000007966,15;0.000000447,17;0.000002673,7;0.000098284,4;0.000000636,13;0.000000337,16;0.000001844,18;
entertains: 0.000006578,5;
enthral: 
enthrall: 0.000000743,9;
enthralled: 
enthuse: 
enthusiasm: 0.000000009,28;0.000000227,24;0.000003906,9;0.000002889,8;0.000000574,22;
enthusiast: 
enthusiastic: 0.000005085,4;0.000001595,12;0.000000065,26;0.000000221,27;
enthusiastically: 0.000000358,24;0.000000994,21;
entice: 
enticed: 
enticing: 0.000004299,3;0.000002229,11;
enticingly: 
entranced: 0.000090036,5;
entrancing: 
entrust: 
enviable: 
enviably: 
envious: 
enviously: 
enviousness: 
envy: 
equitable: 
ergonomical: 
err-free: 
erudite: 
ethical: 0.000000023,17;0.000000242,30;
eulogize: 
euphoria: 
euphoric: 
euphorically: 
evaluative: 
evenly: 
eventful: 0.000000004,20;
everlasting: 
evocative: 0.000196506,11;0.000011214,13;0.000003615,12;0.000000537,24;0.000057855,4;0.000018097,6;0.000000157,16;
exalt: 
exaltation: 
exalted: 
exaltedly: 
exalting: 
exaltingly: 
examplar: 
examplary: 
excallent: 
exceed: 
exceeded: 
exceeding: 0.000000003,29;
exceedingly: 0.000004206,9;0.000000882,13;0.000002045,14;
exceeds: 0.003249054,6;0.000000014,23;
excel: 
exceled: 
excelent: 
excellant: 
excelled: 
excellence: 0.000114314,4;
excellency: 
excellent: 0.000592421,8;0.000004644,13;0.000004644,8;0.000183738,4;0.000000048,22;0.000000022,24;0.000000084,16;0.000000060,14;0.000000330,14;0.001779977,2;0.000003632,9;0.000152526,8;0.000152526,6;0.000020827,4;0.000000921,12;0.000000003,27;0.000000022,27;0.000000002,25;
excellently: 
excels: 0.000000008,23;0.000018166,7;0.000001774,12;0.000005788,8;
exceptional: 0.000002477,19;0.000000075,18;0.000024166,3;0.000001097,16;0.000008514,12;0.000165185,1;
exceptionally: 0.000001674,6;0.000001364,12;0.529297352,1;0.000000765,7;
excite: 
excited: 
excitedly: 
excitedness: 
excitement: 0.000018012,4;0.000000696,11;0.000000266,10;0.000000006,29;0.000007191,6;0.000006772,8;
excites: 0.000000418,17;
exciting: 0.000000485,10;0.000000064,26;0.000000087,13;0.000001041,9;0.000044483,6;0.000000128,18;0.000000365,12;0.000000093,23;0.000000238,15;
excitingly: 
exellent: 
exemplar: 
exemplary: 
exhilarate: 
exhilarating: 0.000000445,6;0.000007449,2;0.000066396,2;0.000059099,3;0.000011749,5;0.000001016,13;0.000001728,14;
exhilaratingly: 
exhilaration: 
exonerate: 
expansive: 
expeditiously: 
expertly: 0.000006907,6;0.000000426,17;0.000005037,2;
exquisite: 0.000000441,18;0.000000026,27;0.000002069,10;0.000029221,11;0.000016749,7;0.000000019,29;
exquisitely: 0.000186772,1;
extol: 
extoll: 
extraordinarily: 0.000090969,2;0.000000003,25;0.000000176,24;
extraordinary: 0.000012750,3;0.000002828,2;0.000000135,17;0.000000149,7;0.000001743,4;0.000001743,5;0.002578565,1;0.000000348,28;0.000000504,17;0.000000249,19;0.000000101,21;
exuberance: 0.000000111,18;0.000000428,15;
exuberant: 0.000000176,11;
exuberantly: 0.000000170,12;
exult: 
exultant: 
exultation: 
exultingly: 
eye-catch: 
eye-catching: 
eyecatch: 
eyecatching: 
fabulous: 0.000000005,23;
fabulously: 0.000000596,18;
facilitate: 
fair: 0.000003883,13;0.000000014,27;0.000000316,23;0.000013103,6;0.000001725,13;0.000006706,8;
fairly: 0.000000178,23;0.000001217,13;0.000000196,15;0.000000028,35;0.000000053,22;0.000007693,7;0.000000338,22;0.000003528,14;0.000103837,3;0.000003459,13;0.000000014,34;0.000000066,21;0.001016619,14;0.000000501,12;0.000002156,12;
fairness: 0.000000262,25;
faith: 0.000001376,7;0.000002139,7;0.000000343,9;0.000018092,6;0.000044099,12;0.000000389,27;0.000000243,18;0.000000471,19;0.000010046,9;0.000000020,23;
faithful: 0.000000158,20;0.000000004,36;0.000000451,8;0.000000171,9;0.000003549,6;0.000000015,46;
faithfully: 
faithfulness: 
fame: 
famed: 
famous: 0.000000006,27;0.000000975,19;0.000000177,31;0.000000172,14;
famously: 
fancier: 
fancinating: 
fancy: 0.000001292,4;0.000000355,17;0.001964903,12;
fanfare: 
fans: 0.000007885,7;0.000007885,7;0.000009279,4;0.000000123,15;0.000000033,24;0.000002315,7;0.000000001,34;0.000000004,23;0.000000134,12;0.000001405,5;0.000000007,21;0.000000015,15;0.000000332,8;0.000000060,11;0.000000086,16;0.000000157,36;0.000000002,21;0.000000064,24;0.000000019,20;0.000000316,15;0.000055652,7;0.000000014,23;0.000000260,14;0.000007449,7;0.000042933,2;0.000000052,35;0.000003816,24;
fantastic: 0.006435730,1;0.000017074,10;0.000000978,8;0.000001015,12;0.000166738,3;
fantastically: 0.000000242,16;
fascinate: 0.000009393,2;0.000335691,2;
fascinating: 0.000032630,19;0.000100447,14;0.000016953,8;0.000016953,5;0.000000625,11;0.000001005,14;0.000000035,20;0.000000084,21;0.000000147,12;0.000000290,14;0.000000290,13;0.000000100,21;0.000000989,4;0.000000884,6;0.000000066,14;0.000000378,20;0.000000046,17;0.000000004,21;0.000000304,5;0.000000133,10;0.000000041,11;0.000000008,25;0.000032330,5;0.000000238,19;0.000007851,8;0.061854437,6;0.000014840,6;0.000014840,5;0.161318213,1;0.000439215,3;0.000126084,3;0.000000293,25;0.000003060,12;0.000000149,18;0.000000000,44;0.000003013,6;0.000000149,16;0.000000703,13;0.000000107,23;0.000025018,13;0.000004544,10;0.000000004,20;0.000178614,2;0.000178614,3;0.000035841,7;
fascinatingly: 
fascination: 0.000007461,10;0.000000018,40;
fashionable: 
fashionably: 
fast: 0.000000041,25;0.000000047,15;0.000007600,11;0.000014499,12;0.000031277,9;
fast-growing: 
fast-paced: 0.000000082,11;0.000001748,15;0.000030889,7;
faster: 0.000139670,2;0.000000224,15;0.000011276,5;
fastest: 
fastest-growing: 
faultless: 
fav: 
fave: 
favor: 0.000000115,18;0.000000024,34;0.000000013,32;0.000000260,23;
favorable: 
favored: 
favorite: 0.000052626,11;0.000003504,12;0.000000089,15;
favorited: 
favour: 0.001040774,6;
fearless: 0.000000479,12;0.000000025,25;
fearlessly: 0.000000052,24;
feasible: 
feasibly: 
feat: 0.000000129,20;0.000000299,8;0.000001091,18;
feature-rich: 
fecilitous: 
feisty: 0.000001592,14;0.000001250,16;
felicitate: 
felicitous: 
felicity: 
fertile: 
fervent: 
fervently: 0.000000913,14;
fervid: 
fervidly: 
fervor: 
festive: 
fidelity: 
fiery: 0.000007912,15;
fine: 0.000000919,19;0.000000397,12;0.000000001,34;0.000000002,27;0.000000003,29;0.000000122,10;0.000004364,3;0.000000035,20;0.000000141,12;0.000032517,5;0.000032517,5;0.000001324,17;0.000000509,20;0.000000085,26;0.000000913,12;0.000000230,19;0.000000230,12;0.000072873,3;0.000004572,24;
fine-looking: 0.000000516,18;
finely: 0.000080058,5;0.000001925,9;0.000000073,20;0.000000658,7;0.000000658,8;0.000000333,14;
finer: 
finest: 0.000000027,25;0.000000086,14;0.000008459,10;0.000000462,18;
firmer: 
first-class: 0.000001120,16;0.000000163,22;0.000001211,17;
first-in-class: 
first-rate: 0.000002261,10;0.000000177,23;0.000005377,6;0.000121562,2;
flashy: 0.000000008,21;0.000000001,28;0.000016918,8;0.000017572,10;
flatter: 
flattering: 
flatteringly: 
flawless: 0.000000317,21;0.000000029,22;
flawlessly: 
flexibility: 
flexible: 0.000000189,9;
flourish: 0.000003177,2;
flourishing: 
fluent: 0.000010938,49;
flutter: 
fond: 
fondly: 0.000005920,17;
fondness: 0.000015061,11;
foolproof: 
foremost: 0.000449225,2;0.000003341,9;0.000000176,17;
foresight: 
formidable: 0.000000224,10;
fortitude: 
fortuitous: 
fortuitously: 
fortunate: 
fortunately: 0.000057674,12;
fortune: 
fragrant: 
free: 0.000000729,26;0.000000183,25;0.000000121,25;
freed: 
freedom: 0.000014145,7;0.000021968,5;0.000000575,24;0.000003978,11;
freedoms: 
fresh: 0.000013601,8;0.000001463,23;0.000000059,22;0.000000130,13;0.000000254,15;0.000000033,15;0.000000226,22;0.000012982,24;0.000002560,12;0.000031649,20;0.000025415,7;0.000154220,2;0.000000173,26;0.000152435,2;0.000074732,2;0.000003054,9;0.000000615,14;0.000000004,29;
fresher: 
freshest: 
friendliness: 
friendly: 0.000006061,19;
frolic: 
frugal: 
fruitful: 0.000000097,16;
ftw: 
fulfillment: 
fun: 0.000641486,13;0.000641486,7;0.000352933,9;0.000002166,15;0.000000184,17;0.000000068,16;0.000000357,14;0.000024854,7;0.000000130,16;0.000000051,16;0.000012855,3;0.000000034,18;0.000000035,13;0.000007594,2;0.000000021,17;0.000000055,14;0.000000167,12;0.000005709,8;0.000002492,5;0.000000334,6;0.000004708,6;0.000000119,15;0.000000077,19;0.000001872,10;0.000001872,11;0.000066520,6;0.000066520,7;0.000000335,21;0.000004460,16;0.000004460,11;0.000015224,7;0.000095542,2;0.000018602,6;0.000037540,6;0.000000185,23;0.000000172,21;0.000059642,9;0.000059642,7;0.000059642,4;0.000019112,4;0.000001177,18;0.044661719,10;0.000058464,6;0.000044837,6;0.000129917,6;0.000129917,2;0.000014216,11;0.000041798,9;0.000147816,5;0.000159664,2;0.000000260,13;0.000000260,17;0.000000009,40;0.000000237,15;0.000318456,2;0.000318456,2;0.000000039,24;0.000162755,2;0.000166149,5;0.000000017,27;0.000166816,2;0.000000008,31;0.000000462,12;0.000010527,11;0.000000199,22;0.000043137,3;0.000090862,4;
futurestic: 
futuristic: 
gaiety: 
gaily: 
gain: 0.000000663,13;
gained: 
gainful: 
gainfully: 
gaining: 0.000000166,19;
gains: 
gallant: 
gallantly: 
galore: 
geekier: 
geeky: 
gem: 0.000024559,11;0.000260498,3;0.000001711,10;0.000000103,21;0.000005141,2;0.000034712,6;0.000125199,2;0.000000102,20;0.000190710,2;0.000031035,3;
gems: 
generosity: 0.000001660,13;0.000000495,20;
generous: 0.000002027,18;0.000000269,13;0.000000002,19;0.000001962,5;
generously: 
genial: 0.000001930,11;0.000000256,26;0.000001386,9;0.000000020,29;
genius: 0.001834595,1;0.000020180,9;
gentle: 0.000000317,15;0.000000268,17;0.000000268,12;0.000000015,19;0.000041496,2;0.000002056,11;0.000000368,27;0.000001196,15;0.000028847,7;0.000015359,7;0.000002787,12;0.000066661,3;0.000000596,17;0.000074697,3;0.000001271,17;0.000000698,19;
gentlest: 
genuine: 0.000003756,4;0.000000176,12;0.000000178,31;0.000000373,11;0.000000238,25;0.000103668,5;0.000006121,8;0.000002599,10;0.000000630,19;0.000003391,19;0.002052831,13;0.000001201,15;
gifted: 0.000000779,8;0.000007053,6;0.000000040,16;0.000000006,30;0.000000003,30;0.000000740,22;
glad: 
gladden: 
gladly: 
gladness: 
glamorous: 
glee: 
gleeful: 
gleefully: 0.000493467,6;
glimmer: 
glimmering: 
glisten: 
glistening: 
glitter: 
glitz: 0.000000007,21;
glorify: 
glorious: 0.000036607,8;0.000000130,18;0.000000036,26;
gloriously: 0.000003581,6;0.006108383,7;0.000000253,22;0.000001027,12;
glory: 0.000000015,20;0.000000025,31;
glow: 0.000000004,32;
glowing: 
glowingly: 
god-given: 
god-send: 
godlike: 
godsend: 
gold: 
golden: 0.000000103,18;
good: 0.001310593,7;0.001310593,8;0.001310593,9;0.001310593,10;0.001310593,11;0.001310593,12;0.001310593,6;0.000501124,10;0.000013138,13;0.000000412,20;0.000000018,37;0.000000018,30;0.000000003,36;0.000006192,7;0.000006192,7;0.000000053,23;0.000006239,5;0.000000005,16;0.000000378,23;0.000036196,4;0.000036196,2;0.000000007,29;0.000000004,20;0.000016279,4;0.000000023,18;0.000000020,18;0.000003629,5;0.000000463,10;0.000000102,14;0.000000130,14;0.000005709,2;0.000005709,2;0.000000003,30;0.000000328,12;0.000000328,7;0.000001381,6;0.000000053,27;0.000000609,16;0.000000609,17;0.000000328,24;0.000000346,20;0.000000403,16;0.000000044,35;0.000019600,10;0.000019600,6;0.000048312,5;0.000001541,18;0.000017082,7;0.000017082,6;0.000000661,17;0.000000069,31;0.000001616,10;0.000002717,7;0.000000860,8;0.335182846,1;0.000000118,27;0.000000955,17;0.000006603,16;0.000006120,17;0.000006120,8;0.000016893,2;0.000016893,8;0.000000928,13;0.000001850,7;0.000123798,2;0.000008862,11;0.000011118,14;0.000005681,11;0.000003990,14;0.000000030,32;0.000009375,11;0.000068874,4;0.000074357,6;0.000074357,7;0.000000166,22;0.000490166,8;0.000045740,5;0.000024125,14;0.000000583,17;0.000000583,12;0.000678966,13;0.000002212,11;0.000008738,8;0.000000070,21;0.000000070,14;0.000943787,10;0.000943787,4;0.000943787,5;0.000943787,6;0.000000226,18;0.000000009,26;0.000067785,15;0.000067785,7;0.000019182,7;0.000000143,16;0.000005939,13;0.000076980,5;0.000076980,2;0.000076980,3;0.000076980,2;0.000000541,12;0.000000541,18;0.000068483,10;0.000000087,22;0.000003972,11;0.000000051,15;0.000002025,13;0.000000080,17;0.000144639,7;0.000000437,16;0.000000121,17;0.000000294,15;0.000484409,2;0.000000050,11;0.000000514,12;0.000000345,28;0.000006164,14;0.000002995,13;0.000000087,27;0.000000804,15;0.000007220,7;0.000001311,17;0.000060817,10;0.000001678,15;0.000001173,13;0.000014808,6;0.000057439,4;
goodly: 
goodness: 0.000005209,9;
goodwill: 0.000002514,6;
goood: 
gooood: 
gorgeous: 0.000000744,21;0.000000096,21;0.000000145,13;0.000001856,5;0.000000033,17;0.000010193,11;0.000002980,16;0.000001180,17;0.000000018,24;0.000000394,13;0.000079384,4;0.000000008,32;0.000000221,12;0.000000269,16;0.000000194,16;0.000030301,6;
gorgeously: 0.000042757,20;0.000000008,20;0.000001387,10;0.000000807,7;
grace: 0.000000079,23;0.000006135,2;0.000000105,10;0.000000006,21;0.000000114,16;0.000009056,5;0.000000561,21;0.000002567,9;0.000000889,32;0.000142724,2;0.000034843,11;
graceful: 0.000000028,24;0.000054133,3;
gracefully: 0.000000196,18;0.000003507,13;
gracious: 0.000000133,27;
graciously: 
graciousness: 
grand: 0.000000028,35;0.000001111,15;0.000000110,16;0.000084744,3;0.000001100,13;0.000002114,15;0.000000051,18;
grandeur: 0.000000529,16;0.000000208,17;0.000015933,10;
grateful: 0.000000097,15;
gratefully: 0.000163453,7;0.000001113,17;
gratification: 
gratified: 
gratifies: 
gratify: 0.000001707,16;
gratifying: 
gratifyingly: 
gratitude: 0.000108772,5;
great: 0.000434754,6;0.000434754,7;0.000434754,3;0.000022387,5;0.000000115,21;0.000000115,21;0.000000243,21;0.000006102,5;0.000006102,5;0.000003074,8;0.000000001,36;0.000000343,10;0.000000004,24;0.000000014,21;0.000001131,7;0.000003265,3;0.000000008,31;0.000000001,31;0.000002534,4;0.000001210,5;0.000000002,36;0.000000028,22;0.000001250,9;0.000000007,26;0.000000038,20;0.000011397,9;0.000010101,10;0.000000629,16;0.000005006,11;0.000012429,6;0.000006441,9;0.000006441,10;0.000006441,8;0.002107214,1;0.002107214,1;0.028709318,9;0.088764019,2;0.000021145,7;0.000000200,22;0.000008045,14;0.000070386,4;0.000007122,9;0.001004825,1;0.000791789,6;0.000002732,15;0.000019490,9;0.000021963,6;0.000021963,5;0.000001430,8;0.000000038,24;0.000013170,10;0.000005881,8;0.000000634,14;0.000000098,20;0.000000351,18;0.000000055,20;0.000059298,6;0.000059298,7;0.000000490,26;0.000044995,2;0.000044995,3;0.000139640,4;0.000165648,3;0.000052242,7;
greatest: 0.000000090,22;0.000000035,15;0.000080900,6;0.000083046,36;0.000000740,20;0.002148449,16;0.000027202,16;
greatness: 0.002484640,1;0.000001478,13;0.000000314,12;
grin: 0.000000158,16;
groundbreaking: 
guarantee: 0.000000018,15;
guidance: 
guiltless: 0.000000757,7;
gumption: 
gush: 
gusto: 0.000000183,22;
gutsy: 0.000004266,21;
hail: 
halcyon: 
hale: 
hallmark: 0.000000008,20;0.000000123,13;
hallmarks: 0.000000641,20;
hallowed: 
handier: 
handily: 0.000000000,35;
hands-down: 
handsome: 0.000000096,17;0.000008340,8;0.000007072,9;
handsomely: 0.000003578,15;0.000033696,5;
handy: 0.000107612,3;
happier: 
happily: 0.000000897,14;0.000054712,4;
happiness: 0.000002587,12;0.000148675,16;0.000116766,4;0.000136068,2;0.000000263,25;
happy: 0.000000956,25;0.000002033,8;0.000000122,11;0.000000011,24;0.000063022,3;0.000001852,9;0.000074470,3;0.000430728,2;0.000012930,14;
hard-working: 
hardier: 
hardy: 0.000000276,12;
harmless: 
harmonious: 
harmoniously: 0.000000694,21;
harmonize: 
harmony: 
headway: 
heal: 0.000000109,12;0.000072710,4;
healthful: 
healthy: 
hearten: 
heartening: 0.000003999,4;0.000000051,26;
heartfelt: 0.000000155,23;0.000000359,13;0.000001384,13;0.000004763,26;0.000000221,24;0.000139008,3;0.000007314,7;0.000015751,7;0.000000174,21;0.000000097,22;0.000107800,4;
heartily: 
heartwarming: 0.000000171,16;0.000000503,14;0.000025725,3;0.000074350,2;0.000000191,18;0.000000019,48;0.004843475,3;0.000345927,2;0.000345927,3;0.000000883,11;0.000000036,26;
heaven: 0.000015459,14;0.000020291,4;0.000000518,16;0.000000215,16;0.000000024,18;0.000006565,11;0.000001341,16;0.000083877,5;0.000005749,20;
heavenly: 
helped: 0.000000673,11;0.000008318,11;
helpful: 
helping: 0.000000537,21;
hero: 0.000000026,25;0.000000025,20;0.000013064,15;0.000007269,24;0.000114189,10;0.000000296,16;0.000000093,16;0.000000001,42;0.000003193,8;0.000000134,23;
heroic: 0.000009367,9;0.000037040,4;0.000005998,6;
heroically: 
heroine: 0.000234806,4;0.000000028,24;0.000000471,17;
heroize: 
heros: 
high-quality: 
high-spirited: 0.000000298,16;
hilarious: 0.000001807,7;0.000000301,19;0.000000005,19;0.000000005,32;0.003709988,2;0.000000043,21;0.000000480,9;0.000041976,2;0.000059423,12;0.000000076,23;0.000008453,5;0.000000040,31;0.000096421,4;0.000000641,24;0.000000028,26;0.000105596,5;0.000000961,14;0.000010298,19;0.000000036,20;0.000000815,20;0.000004086,12;0.000166885,2;0.000000901,16;
holy: 
homage: 0.000000007,28;0.000000476,14;
honest: 0.000001540,19;0.000000095,16;0.000003925,8;0.000000259,11;0.000000025,25;0.000000052,14;0.000000007,38;0.000000830,16;0.000000121,17;0.000082318,6;0.000002318,15;0.000001142,16;0.000000850,14;0.000165262,2;0.000082606,2;0.000015623,7;0.000000007,27;0.000000013,33;0.000004083,20;0.000026997,9;0.000000260,20;
honesty: 0.000000411,9;0.000053484,2;0.000003093,16;0.000014815,11;0.000011380,6;
honor: 0.000000258,12;0.000002197,14;
honorable: 0.000000067,14;
honored: 0.000000034,20;
honoring: 
hooray: 
hopeful: 0.000000084,21;0.000002951,2;0.000012503,7;0.000002911,10;0.000094351,6;0.000000385,16;0.000009328,17;
hospitable: 
hot: 0.000001804,13;0.000000135,23;0.000051637,9;0.000000831,23;
hotcake: 
hotcakes: 
hottest: 
hug: 0.000007029,7;
humane: 0.000000541,8;0.000005211,17;
humble: 
humility: 0.000062202,6;
humor: 0.000009201,50;0.000000132,24;0.000018036,6;0.000019047,4;0.000000030,27;0.000003146,10;0.000015268,8;0.000000034,20;0.000000017,22;0.000001264,11;0.000000307,15;0.000000307,16;0.000000165,23;0.000000063,24;0.000005638,3;0.000005638,3;0.000000016,20;0.000000026,28;0.000000108,12;0.000002157,5;0.000000071,16;0.000000081,13;0.000000006,21;0.000000074,21;0.000011058,26;0.000031513,7;0.000062529,4;0.000000330,20;0.000000869,12;0.000000106,37;0.000000668,15;0.000175030,4;0.000000225,21;0.000000012,29;0.000081655,5;0.000000087,25;0.000009728,11;0.000007440,5;0.000065171,8;0.000060523,4;0.000000048,30;0.000053348,5;0.000001847,13;0.000000223,20;0.000000548,16;0.000054687,3;0.000000058,14;0.000000025,26;0.000060747,8;0.000000532,14;0.000000532,21;0.000004320,28;0.000010709,9;
humorous: 0.000000091,14;0.000002602,5;0.000000889,18;0.000000636,27;0.000000870,15;0.000010135,9;0.000031918,5;0.000000516,12;0.000026142,8;
humorously: 0.000000460,7;
humour: 0.000810832,12;0.000000002,28;0.000002818,9;0.000000073,16;
humourous: 
ideal: 0.000000879,14;0.000000739,13;0.000000097,16;0.000000395,13;
idealize: 
ideally: 0.000000141,13;
idol: 
idolize: 
idolized: 
idyllic: 
illuminate: 
illuminati: 
illuminating: 0.000000106,13;0.000017090,16;0.000000080,18;
illumine: 
illustrious: 
ilu: 
imaculate: 
imaginative: 0.000000038,21;0.000000615,14;0.000000005,25;0.000011164,9;0.000044356,5;0.000006282,14;0.000000093,17;0.000000240,23;
immaculate: 0.000004305,9;0.000003441,15;
immaculately: 
immense: 0.000021700,8;
impartial: 
impartiality: 
impartially: 
impassioned: 
impeccable: 0.000038520,2;0.000000028,20;0.000001794,9;0.000341365,2;0.000000891,11;
impeccably: 
important: 0.000000313,13;0.000018821,3;0.000000220,14;0.000000554,7;0.000000003,28;0.000000312,9;0.000000007,23;0.000000063,26;0.000000371,12;0.000007786,6;0.000036378,7;0.000000281,16;0.000000134,33;
impress: 0.000001213,5;0.000000203,15;
impressed: 0.000000003,23;0.000002924,12;0.000000776,18;
impresses: 0.000000686,19;
impressive: 0.000094027,4;0.000002304,4;0.000000084,18;0.000000047,19;0.000000001,19;0.000005505,2;0.000000899,14;0.000000146,22;0.000000325,25;0.000115501,6;0.000044424,8;0.000000272,19;0.000066748,3;0.000000634,12;0.000059406,8;0.000009659,8;0.000006924,11;
impressively: 0.000013573,11;0.000000686,15;0.000001068,11;0.004278766,3;
impressiveness: 
improve: 
improved: 0.000000510,13;0.000000262,14;
improvement: 0.000000010,20;0.000016331,9;
improvements: 
improves: 0.000000178,22;0.000006616,8;
improving: 
incredible: 0.000001471,10;0.000311846,15;0.000126300,2;0.000002134,17;
incredibly: 0.000000018,34;0.000000084,29;0.000000128,11;0.000000007,25;0.000002333,14;
indebted: 
individualized: 
indulgence: 
indulgent: 0.000005754,11;
industrious: 
inestimable: 
inestimably: 
inexpensive: 
infallibility: 
infallible: 
infallibly: 
influential: 0.000007214,6;
ingenious: 0.000000079,15;0.000000295,10;0.000000618,20;0.000015948,5;0.000000508,11;0.000005364,8;
ingeniously: 0.007191623,2;
ingenuity: 0.000000170,15;
ingenuous: 
ingenuously: 
innocuous: 
innovation: 0.000151313,9;
innovative: 0.000002017,15;0.000000047,21;
inpressed: 
insightful: 0.000026168,10;0.000000028,25;0.000017266,3;0.000000126,14;0.000000073,11;0.000001487,12;0.000176571,7;0.000000192,20;0.000000030,21;
insightfully: 0.000000137,9;0.000000165,23;0.000139298,1;
inspiration: 0.000000125,10;0.000088752,3;
inspirational: 0.000000100,23;0.000000989,18;0.000000461,11;0.000026249,5;0.000000015,22;
inspire: 0.000000756,18;0.000059607,7;
inspiring: 0.000022178,3;0.000020282,14;0.000000025,18;0.000004891,7;0.000001797,13;0.000001231,12;
instantly: 0.000000602,7;0.000000016,23;
instructive: 0.000021913,5;
instrumental: 
integral: 
integrated: 0.000000763,17;
intelligence: 0.000003454,4;0.000000011,18;0.000000007,24;0.000000074,12;0.000000026,28;0.000002668,8;0.000000402,14;0.000000406,16;0.000000593,16;0.000000593,12;0.000000053,23;0.000021973,4;0.000001267,12;0.000005141,11;0.000020045,7;0.000000699,24;
intelligent: 0.000021342,7;0.000000203,11;0.000000203,14;0.000000095,12;0.000002890,5;0.000004747,10;0.000001520,13;0.000001213,14;0.000000248,17;0.000011388,15;0.000000081,14;0.000000081,30;0.000001330,27;0.000000553,24;0.000048501,13;0.000007205,8;0.000003906,7;0.000003281,7;0.000120634,4;0.000000009,29;0.000014520,8;0.000003670,9;0.000002196,17;0.000000106,23;0.000000140,18;
intelligible: 
interesting: 0.000000087,35;0.000000017,35;0.000000042,26;0.000000046,26;0.000001643,7;0.000009070,8;0.000000034,12;0.000000061,13;0.000000061,17;0.000000057,13;0.000000021,20;0.000000021,23;0.000000002,22;0.000000672,9;0.000001197,14;0.000026160,5;0.000000851,31;0.000011130,10;0.000000430,20;0.000000817,16;0.000332092,3;0.000000316,26;0.000001572,14;0.000001929,10;0.000003134,15;0.000015222,7;0.000027956,5;0.000045159,2;0.000000211,7;0.000000333,22;
interests: 
intimacy: 0.000003604,15;0.000014451,4;0.000004150,16;0.000000447,16;
intimate: 0.000000123,22;0.000000026,28;0.000000025,23;0.000001035,10;0.000000038,26;0.000002040,17;0.000002953,9;0.000001012,11;0.000000014,23;0.000000467,8;0.000003169,9;
intricate: 0.000000035,18;0.000000333,12;0.000000000,16;0.000033826,16;
intrigue: 0.000000031,21;0.000000102,18;0.000000056,34;0.000000036,31;0.000008271,7;0.000004338,11;
intriguing: 0.000030076,2;0.000000087,24;0.000000243,13;0.000000103,24;0.000000152,21;0.000000017,29;0.000000028,9;0.000000002,26;0.000000450,9;0.000000050,17;0.000000039,20;0.000002766,14;0.000020310,5;0.000001436,18;0.000048037,5;0.000001099,19;0.000034713,6;0.000013211,14;0.000000072,15;
intriguingly: 
intuitive: 
invaluable: 0.000013290,13;0.000000478,12;0.000000190,20;0.000000033,11;
invaluablely: 
inventive: 0.000002749,6;0.000001479,14;0.000000250,10;0.000000126,13;0.000000035,26;0.000006513,2;0.000003038,4;0.000000630,23;0.000025482,12;0.000003902,24;0.000033645,15;0.000000854,17;0.000000165,17;0.000000165,14;0.004940560,4;
invigorate: 
invigorating: 0.000000511,10;0.000004613,11;
invincibility: 
invincible: 0.000000015,23;0.000000360,25;
inviolable: 
inviolate: 
invulnerable: 
irreplaceable: 
irreproachable: 
irresistible: 0.000003416,7;0.000000441,7;0.000000839,15;0.000000179,24;0.000000042,26;
irresistibly: 0.000011671,7;0.000002034,16;
issue-free: 
jaw-droping: 
jaw-dropping: 0.000000010,31;
jollify: 
jolly: 0.000000051,18;0.000054578,3;
jovial: 
joy: 0.000013858,6;0.000015127,3;0.000001167,6;0.000000104,21;0.000003227,12;0.000000019,20;0.000164150,3;0.000000361,18;
joyful: 0.000001666,4;
joyfully: 
joyous: 0.000006884,2;0.000003101,4;0.000000889,13;0.000001414,19;0.000000415,18;0.000000478,14;0.000000478,11;0.000003875,12;
joyously: 
jubilant: 
jubilantly: 
jubilate: 
jubilation: 
jubiliant: 
judicious: 
justly: 
keen: 0.000000040,14;0.000000066,18;
keenly: 0.000000020,32;
keenness: 
kid-friendly: 
kindliness: 
kindly: 
kindness: 0.000005110,17;
knowledgeable: 
kudos: 0.000025778,5;
large-capacity: 
laud: 
laudable: 
laudably: 
lavish: 0.000001825,16;0.000000066,32;
lavishly: 
law-abiding: 
lawful: 
lawfully: 
lead: 0.000102164,8;0.000000126,13;0.000075334,3;0.000002832,17;0.000032820,4;0.000006553,7;0.000000055,16;0.000000187,32;0.000001827,14;
leading: 0.000000090,27;
leads: 0.000000295,9;0.000001072,16;0.000095347,6;0.000000172,18;0.000000914,27;0.000000728,14;0.000000830,15;0.000004229,8;0.000003682,8;
lean: 0.000000960,20;0.000799784,5;
led: 0.000000069,17;
legendary: 0.000000069,25;
leverage: 
levity: 0.000000066,16;
liberate: 
liberation: 0.000000704,8;0.000001788,13;
liberty: 
lifesaver: 
light-hearted: 0.000110158,3;0.000000418,16;0.000000494,12;
lighter: 
likable: 0.000011134,12;0.000000116,23;0.000016417,6;0.000000194,30;
like: 0.002765070,5;0.000156946,16;0.000156946,12;0.000156946,13;0.000022797,12;0.000022797,11;0.000002707,20;0.000002707,19;0.000000016,32;0.000004414,8;0.000000558,17;0.000000558,13;0.000004126,7;0.000000001,39;0.000000584,25;0.000000584,15;0.000000004,35;0.000000653,13;0.000000653,11;0.000002921,6;0.000002921,6;0.000000186,16;0.000000579,19;0.000000579,17;0.000000822,11;0.000001442,6;0.000000332,14;0.000000166,13;0.000000166,13;0.000000779,12;0.000000779,12;0.000000779,11;0.000000779,12;0.000000060,16;0.000000049,18;0.000000051,20;0.000000051,19;0.000000051,12;0.000000047,21;0.000000363,10;0.000000007,19;0.000000012,19;0.000000010,24;0.000000002,27;0.000000028,19;0.000162308,7;0.000162308,2;0.000003202,6;0.018709674,2;0.018709678,2;0.000033245,3;0.000033245,4;0.000001932,11;0.000024655,6;0.000024655,9;0.000000701,34;0.000000003,33;0.000004146,8;0.000060144,3;0.000006173,11;0.000006173,6;0.000001191,18;0.000001191,12;0.000014006,8;0.000000187,31;0.000000187,21;0.001309129,3;0.001309129,4;0.001309129,5;0.000001264,11;0.000000039,27;0.009609955,2;0.000000220,25;0.000000220,16;0.000000374,21;0.000000374,16;0.000000374,18;0.000000570,16;0.000015869,15;0.000000176,13;0.000000176,25;0.000000192,22;0.000013958,11;0.000001907,16;0.000000630,19;0.000000630,38;0.000000102,25;0.000000010,31;0.000037670,14;0.000000956,17;0.000000956,17;0.000013103,15;0.000013103,10;0.000013103,9;0.000000288,20;0.000000288,15;0.000001736,13;0.000000140,19;0.000000140,22;0.000000186,17;0.000002279,16;0.000002279,18;0.000000598,15;0.000002622,12;0.000000046,22;0.000000727,14;0.000007077,19;0.000000026,22;0.000029686,7;0.000029686,6;0.000002047,12;0.000006487,7;0.000000003,32;0.000034465,6;0.000034465,6;0.000000023,17;0.000004453,10;0.000004453,12;0.000000008,24;0.000005242,11;0.000001245,15;0.000026108,8;0.000000017,23;0.000005339,13;0.000005339,7;0.000000580,14;0.000000001,37;0.000000662,10;0.000000662,13;0.000003771,10;0.000003771,11;0.000000288,16;0.000000872,10;0.000000004,23;0.000022549,14;0.000022549,10;0.000001328,24;0.000001328,15;0.000006587,17;0.000006587,18;0.000006587,17;0.000006587,18;0.000000293,18;0.000040363,9;0.000040363,12;0.000040363,6;0.000001365,26;0.000013330,16;0.000006270,7;0.000315263,3;0.000032715,5;0.000004200,15;0.000007183,15;0.000000314,24;0.000000436,21;0.000004479,10;0.000001620,14;0.000025486,7;
liked: 0.000042523,4;0.000000155,23;0.000000155,24;0.000000181,10;0.000001556,8;0.000000193,22;0.000000770,6;0.000000856,21;0.000000182,23;0.000000182,24;
likes: 0.000000018,26;0.000017245,12;
liking: 0.000092944,9;
lionhearted: 
lively: 0.000000053,22;0.000000019,14;0.000011799,12;0.000001977,13;0.000000162,16;
logical: 0.000000008,28;0.000000013,25;
long-lasting: 
lovable: 
lovably: 0.006133071,1;
love: 0.001962615,6;0.007112393,2;0.000000652,37;0.000005008,14;0.000006117,17;0.000031667,6;0.000000866,7;0.000000192,17;0.000000776,11;0.000002217,11;0.000000007,32;0.000000079,13;0.000000290,14;0.000000207,19;0.000000073,25;0.000001209,14;0.000001209,12;0.000001209,13;0.000001209,14;0.000001022,8;0.000000000,37;0.000001800,11;0.000000020,25;0.000000020,20;0.000000008,25;0.000001299,7;0.000001944,9;0.000003852,3;0.000001638,8;0.000001638,3;0.000000152,9;0.000001098,7;0.000000356,8;0.000000032,12;0.000000031,13;0.000000012,14;0.000000158,17;0.000003234,6;0.000003234,6;0.000000005,27;0.000000769,15;0.000000769,5;0.000017469,5;0.000001619,12;0.000000138,28;0.000000461,16;0.000002183,20;0.000002183,21;0.000000489,16;0.000006319,7;0.000000581,28;0.000002603,16;0.000020803,4;0.000020803,5;0.000000359,19;0.000004312,7;0.000034943,6;0.000034943,8;0.000000915,10;0.000025764,8;0.000036477,9;0.000001948,6;0.000001816,18;0.000112040,3;0.000002576,11;0.000000870,13;0.000000434,19;0.000000002,40;0.000040791,5;0.000009355,8;0.000213844,2;0.000213844,8;0.000213844,9;0.000029228,11;0.000045950,4;0.000000030,22;0.000001395,16;0.000125006,8;0.000000420,12;0.000038908,5;0.000125176,4;0.000125176,4;0.000000007,31;0.000039715,7;0.000131725,3;0.000000214,17;0.000000214,18;0.000001486,14;0.000000000,44;0.000000064,14;0.000017494,10;0.000000027,32;0.006898294,6;0.000127772,4;0.000000001,47;0.000003949,13;0.000002235,26;0.000000026,32;0.006388623,1;0.006388623,5;0.000258945,25;0.000015644,7;0.000008280,7;0.000052446,3;0.000000013,11;0.000000315,23;0.000091047,4;0.000035906,7;
loved: 0.000044686,2;0.000000068,15;0.000004407,16;0.000025379,5;0.000007164,5;0.000001194,15;
loveliness: 
lovely: 0.000000135,10;0.000000005,25;0.000000055,17;0.000004840,9;0.000000759,14;0.000240711,2;0.000046335,3;0.000000956,16;0.000000501,17;0.000000003,37;0.000003172,7;0.000000016,22;0.000004442,9;
lover: 0.000000009,22;
loves: 0.000000854,9;0.000001058,17;0.000000917,17;0.000000022,21;0.000001057,15;
loving: 0.000000145,18;0.000181311,1;0.000000648,33;
low-cost: 
low-price: 
low-priced: 
low-risk: 
lower-priced: 
loyal: 0.000000026,23;
loyalty: 0.000001558,7;
lucid: 
lucidly: 
luck: 0.000007830,5;
luckier: 
luckiest: 0.000018018,7;
luckiness: 
lucky: 0.000000745,23;
lucrative: 
luminous: 0.000000017,22;
lush: 0.000001098,21;0.000000002,35;0.000001260,22;
luster: 0.000002829,24;0.000002856,2;
lustrous: 0.000000317,18;
luxuriant: 
luxuriate: 
luxurious: 
luxuriously: 
luxury: 
lyrical: 0.000000463,26;0.000000522,14;0.000003385,11;0.000001591,16;0.000013285,9;0.000000020,31;
magic: 0.000008824,6;0.000000046,22;0.000000004,13;0.000000281,11;0.000000034,36;0.000000410,15;0.000000103,28;0.000000026,21;0.000024922,3;
magical: 0.000000010,21;0.000087357,3;
magnanimous: 
magnanimously: 
magnificence: 
magnificent: 0.000011036,2;0.000001495,15;0.000000067,19;0.000000192,17;
magnificently: 
majestic: 0.000000072,17;
majesty: 
manageable: 
maneuverable: 
marvel: 0.000000001,19;0.000000007,20;0.000278748,3;0.000007183,6;
marveled: 0.000000113,19;
marvelled: 
marvellous: 
marvelous: 0.000012814,8;0.000002319,8;0.000000256,21;0.000000043,23;0.000000702,11;
marvelously: 0.000000413,6;0.000000335,29;0.000000413,24;0.000053864,4;
marvelousness: 
marvels: 
master: 0.000010514,8;0.007234614,4;0.000001120,8;0.000001399,6;0.000014691,5;0.000001000,13;0.000000113,14;0.000024138,4;0.000000347,19;0.000000099,15;0.000000104,19;
masterful: 0.000000442,17;0.000018350,3;0.001908749,3;0.000000567,16;0.000019677,5;0.000000002,24;0.000192781,2;
masterfully: 0.000000163,16;0.000002002,5;0.000002035,5;0.000000061,13;0.000002385,4;0.000001370,26;
masterpiece: 0.000019748,5;0.000012221,6;0.000001400,14;0.000000020,16;0.000001288,11;0.000004431,16;0.000000323,12;0.000042708,9;0.000000173,19;0.000000072,21;0.000160576,2;0.000031550,6;
masterpieces: 
masters: 
mastery: 
matchless: 
mature: 0.000000276,22;0.000028026,8;0.000000010,26;0.000000038,18;
maturely: 
maturity: 0.000000150,27;
meaningful: 0.000003842,10;0.000002802,29;0.000000029,28;0.000002165,13;
memorable: 0.000005504,5;0.000006232,5;0.000000064,21;0.000005269,7;0.000000658,9;0.000000017,22;0.000007467,26;0.000000360,17;0.000017035,7;0.000009298,6;0.000031027,10;0.001776251,3;0.000000263,14;0.000145705,2;0.000000015,30;0.000052453,6;
merciful: 
mercifully: 
mercy: 0.000000623,27;
merit: 
meritorious: 
merrily: 0.000003365,5;
merriment: 
merriness: 
merry: 
mesmerize: 0.000000396,17;
mesmerized: 
mesmerizes: 
mesmerizing: 0.000000008,21;0.000000052,22;0.000000130,13;0.000020005,9;0.000000099,14;0.000040821,5;0.000158482,9;0.000000858,13;0.000044593,5;
mesmerizingly: 
meticulous: 0.000001454,12;
meticulously: 0.000003614,9;0.000004403,14;
mightily: 
mighty: 
mind-blowing: 
miracle: 0.000000630,9;0.000000588,12;0.000023703,7;0.000000407,32;
miracles: 0.000002384,20;
miraculous: 0.000000756,17;0.000001086,15;
miraculously: 
miraculousness: 
modern: 0.000006568,7;0.000006568,5;0.000001686,8;0.000002965,17;0.000002965,9;0.000000832,10;0.000000266,9;0.000000861,9;0.000000054,14;0.000000275,7;0.000000332,31;0.000015028,26;0.000015028,4;0.000001243,9;0.000012708,9;0.000003835,10;0.000013700,10;0.000000128,14;0.000000070,26;0.000000138,21;0.000016362,12;0.000000007,28;0.000044893,4;0.000007046,20;
modest: 0.000135923,13;0.000000042,20;0.000000183,15;0.000878655,5;0.000000161,15;0.000001514,7;0.000000438,17;
modesty: 0.000000115,14;0.000000959,27;
momentous: 
monumental: 0.000000297,14;
monumentally: 
morality: 0.000000007,20;0.000000036,17;0.000000123,15;0.000001233,11;
motivated: 0.000000075,23;
multi-purpose: 
navigable: 
neat: 0.000000001,24;0.000003971,23;0.000051646,6;
neatest: 
neatly: 0.000000109,18;0.000001375,12;
nice: 0.000000685,28;0.000000455,16;0.000001246,6;0.000016218,5;0.000000276,19;0.000004617,20;0.000000253,13;0.000000075,14;0.000000049,24;0.000000057,17;0.000001662,16;0.000001476,16;
nicely: 0.000000190,20;0.000000397,21;0.000000199,17;0.000000009,28;0.000000036,17;0.000003287,15;0.000000110,21;0.000041712,9;
nicer: 
nicest: 
nifty: 0.000000091,27;
nimble: 
noble: 0.000001131,8;0.000000898,29;0.000000797,17;
nobly: 
noiseless: 
non-violence: 
non-violent: 
notably: 0.000000125,16;0.000000343,27;
noteworthy: 0.000000042,20;
nourish: 
nourishing: 0.000000453,14;
nourishment: 
novelty: 
nurturing: 
oasis: 
obsession: 0.000000003,36;0.000001023,18;
obsessions: 0.000000490,27;0.000000006,23;0.000000025,13;
obtainable: 
openly: 0.000097703,4;
openness: 0.000000098,22;0.000000560,9;0.000000152,12;0.000000028,16;0.000002219,9;
optimal: 
optimism: 0.000000034,32;0.000000441,21;
optimistic: 0.000000485,20;
opulent: 
orderly: 
originality: 0.000000050,23;0.000002722,5;0.000115849,5;0.000000012,31;0.000000682,15;0.000079365,8;0.000000122,21;0.000081601,3;0.000000003,40;
outdo: 
outdone: 
outperform: 
outperformed: 
outperforming: 
outperforms: 
outshine: 
outshone: 
outsmart: 
outstanding: 0.000005002,23;0.000000036,20;0.000011378,8;0.000007902,9;0.000071861,7;
outstandingly: 
outstrip: 
outwit: 
ovation: 
overjoyed: 
overtake: 0.000000007,24;
overtaken: 
overtakes: 
overtaking: 
overtook: 
overture: 0.000000013,17;
pain-free: 
painless: 
painlessly: 
palatial: 
pamper: 
pampered: 
pamperedly: 
pamperedness: 
pampers: 
panoramic: 0.000000118,31;
paradise: 
paramount: 
pardon: 
passion: 0.000274458,12;0.000003145,8;0.000000000,32;0.000001595,8;0.000000133,15;0.000002609,12;0.000000027,26;0.000001505,15;0.000048549,10;0.000022925,9;0.000000060,21;0.000000240,17;0.000016081,7;0.000000306,15;
passionate: 0.000000074,24;0.000000017,22;0.000003822,4;0.000630210,9;0.000001798,14;0.000047698,4;
passionately: 0.000000073,13;
patience: 0.000000310,15;0.000009504,18;0.000000953,21;0.000001366,9;0.000000002,29;
patient: 0.000000017,31;0.000000003,24;0.000001740,6;0.000026458,6;0.000000105,18;
patiently: 0.000025916,10;
patriot: 0.000000789,17;
patriotic: 
peace: 0.000000907,12;0.000016668,5;
peaceable: 
peaceful: 
peacefully: 
peacekeepers: 
peach: 
peerless: 
pep: 
pepped: 
pepping: 
peppy: 
peps: 
perfect: 0.000130375,11;0.000005466,8;0.000000951,15;0.000000951,12;0.000001200,11;0.000000132,14;0.000000073,16;0.000000168,13;0.000000009,18;0.000000094,30;0.000001663,13;0.000000262,30;0.000002659,19;0.000003391,15;0.000000093,26;0.000001192,14;0.000000706,19;0.000000373,18;0.000000511,17;0.000000192,19;0.000017605,14;0.000001295,19;0.000009348,15;
perfection: 0.000009048,6;0.000075207,3;
perfectly: 0.000000515,12;0.000000007,26;0.000000944,10;0.000011211,2;0.000000065,27;0.000003804,9;0.000010220,14;0.000000373,19;0.000000609,17;0.000014990,10;0.000078194,5;0.000000095,18;0.000009156,11;0.000009156,10;0.000016753,7;0.000000347,19;0.000147574,5;
permissible: 
perseverance: 
persevere: 
personages: 
personalized: 
phenomenal: 0.000000012,19;0.000003942,8;0.000001886,14;
phenomenally: 
picturesque: 
piety: 
pinnacle: 0.000000448,15;0.000000448,16;
playful: 0.000050413,17;0.000000471,21;0.000000002,32;0.000000950,14;0.000000247,11;0.000000018,18;0.000013611,9;0.000001817,21;0.000009997,16;
playfully: 0.000000471,14;
pleasant: 0.000010232,3;0.000001325,14;0.000000008,25;0.000000216,13;0.000000005,34;0.000022020,5;0.000000233,18;0.000001224,11;0.000008353,11;0.000000689,15;
pleasantly: 0.000000344,16;0.000406782,8;
pleased: 0.000000480,17;0.000000174,18;
pleases: 
pleasing: 0.000844653,1;0.000004845,12;0.000000653,20;0.000016558,9;0.000000686,20;0.000048589,6;
pleasingly: 0.000000819,12;0.000005039,4;
pleasurable: 0.000018656,8;0.000013270,11;0.005145140,4;0.000000294,31;
pleasurably: 
pleasure: 0.000041907,19;0.000000399,8;0.000000011,21;0.000000243,16;0.000001183,13;0.000015553,11;0.000003913,10;0.000000660,23;0.000000350,22;0.000684273,2;0.000110356,3;0.000000521,16;0.000000523,12;0.000000004,29;0.000000003,38;0.000000606,23;0.000042423,10;0.000000391,20;
plentiful: 
pluses: 
plush: 
plusses: 
poetic: 0.000000002,31;0.000000005,43;0.000000459,18;0.000004444,12;0.000005399,7;
poeticize: 
poignant: 0.000034320,2;0.000000994,12;0.000017274,5;0.000000032,19;0.000018620,4;0.000001204,15;0.000000219,17;0.000032531,4;0.000000146,22;0.000001846,9;0.000000169,16;0.000000088,21;0.000000604,16;
poise: 0.000000437,16;
poised: 
polished: 0.000000193,11;0.000003140,15;0.000000050,24;0.000001289,16;
polite: 
politeness: 
popular: 0.000000005,22;0.000000001,32;0.000000058,28;0.000002551,13;
portable: 
posh: 
positive: 0.000004777,16;0.000332421,2;0.000002729,16;0.000000156,17;
positively: 0.000000027,23;
positives: 
powerful: 0.000000229,31;0.000000258,22;0.000000071,16;0.000000059,16;0.000001134,9;0.000005690,5;0.000000026,21;0.000000029,17;0.000000009,24;0.000000285,7;0.000000001,38;0.000042350,11;0.000042350,11;0.000055561,5;0.000001155,18;0.000001183,22;0.000000973,16;0.000026614,6;0.000001103,20;0.000001294,20;0.000049049,2;0.000004137,13;0.000000011,32;0.000001532,14;0.000000893,14;0.000000025,23;0.000036064,13;0.000014005,7;0.000000440,14;0.000000016,15;0.000001311,13;0.000042574,7;0.000001158,20;0.000168027,3;0.000027692,9;
powerfully: 0.000003509,13;0.000091757,3;
praise: 0.000000133,27;0.000000089,18;
praiseworthy: 
praising: 
pre-eminent: 
precious: 0.000006877,10;0.000001040,14;0.000000167,25;0.000000019,22;0.000491814,1;
precise: 0.000000419,23;
precisely: 0.000000058,16;0.000001400,16;
preeminent: 
prefer: 0.000006402,6;
preferable: 
preferably: 
prefered: 
preferes: 
preferring: 
prefers: 
premier: 
prestige: 
prestigious: 
prettily: 
pretty: 0.000181794,6;0.000001468,10;0.000000907,15;0.000012358,5;0.000000241,11;0.000000870,5;0.000010197,2;0.000000016,21;0.000000247,21;0.000004776,7;0.000023479,9;0.000001829,10;0.000000006,41;0.000001460,16;0.000720114,7;0.000000060,19;0.000000202,17;0.000005011,22;0.000057944,6;0.000000258,15;0.000038020,8;0.000000654,23;0.000033389,4;0.000000076,26;0.000001031,18;0.000102321,3;
priceless: 0.000040960,4;0.000173779,6;
pride: 0.000005970,34;0.000000067,18;
principled: 0.000016667,14;
privilege: 
privileged: 0.000000074,19;
prize: 
proactive: 
problem-free: 
problem-solver: 
prodigious: 
prodigiously: 
prodigy: 
productive: 
productively: 
proficient: 
proficiently: 0.000117731,2;
profound: 0.000000043,14;0.000001299,13;0.000000406,15;0.000000005,26;0.000000437,21;
profoundly: 0.000012068,5;0.000000141,26;0.000000400,23;
profuse: 
profusion: 
progress: 
progressive: 
prolific: 
prominence: 
prominent: 0.000002686,16;
promise: 0.000002386,8;0.000001269,11;0.000000007,28;0.000017132,3;0.000001060,10;0.000000469,24;
promised: 0.000048397,28;
promises: 0.000016412,6;0.024839139,1;0.000000013,26;0.000000029,22;
promising: 0.000000334,20;0.000000442,23;0.000024407,7;
promoter: 
prompt: 
promptly: 
proper: 0.000006754,33;0.000000283,14;0.000015980,11;
properly: 0.000000300,15;0.000001709,11;
propitious: 
propitiously: 
pros: 0.000000984,15;
prosper: 
prosperity: 
prosperous: 
prospros: 
protect: 0.000002675,12;
protection: 
protective: 0.000003628,18;
proud: 0.000000556,14;0.000005108,2;0.000006960,10;0.000001167,15;0.000108572,2;
proven: 
proves: 0.000000173,24;0.000000006,20;0.000000002,27;0.000000117,11;0.000000018,16;0.000000008,23;0.000000030,14;0.000000026,17;0.000000244,23;0.000000060,33;0.000002089,8;0.000000321,18;0.000000203,21;0.000005780,26;0.000001065,17;0.000000012,27;0.000000509,15;0.000000634,22;0.000021501,10;0.000000025,26;
providence: 
proving: 0.000000005,34;
prowess: 
prudence: 
prudent: 
prudently: 
punctual: 
pure: 0.000008307,8;0.000000075,21;0.000000727,7;0.000002982,4;0.000000091,14;0.000002276,4;0.000000052,10;0.000000860,9;0.000000860,8;0.000001305,10;0.000127474,2;0.000000693,14;0.000000002,36;0.000000280,16;0.000000742,28;
purify: 
purposeful: 0.000066222,7;
quaint: 0.000000265,19;0.000015138,5;
qualified: 
qualify: 
quicker: 
quiet: 0.000018052,4;0.000000207,21;0.000000017,24;0.000079925,2;0.000003970,15;0.000003354,6;0.000000078,9;0.000000065,15;0.000002760,11;0.000000085,26;0.000020635,4;0.000001787,6;0.000000012,33;0.000026782,7;0.000000014,23;0.000000501,11;
quieter: 0.000000053,29;0.000011238,9;0.000000380,16;
radiance: 
radiant: 0.000000379,10;0.000000166,15;0.000000072,14;
rapid: 0.000000009,24;
rapport: 0.000000035,22;
rapt: 0.000003449,3;0.000001846,16;
rapture: 
raptureous: 
raptureously: 
rapturous: 0.000000102,15;
rapturously: 
rational: 
razor-sharp: 
reachable: 
readable: 
readily: 0.000015115,13;
ready: 
reaffirm: 
reaffirmation: 
realistic: 0.000000032,24;0.000002763,4;0.000077205,4;0.000005873,12;0.000003734,30;0.000001293,10;0.000004159,7;0.000121258,3;
realizable: 
reasonable: 
reasonably: 0.000002565,11;0.000000019,20;0.000022273,7;0.000002599,14;
reasoned: 
reassurance: 
reassure: 
receptive: 
reclaim: 
recomend: 
recommend: 0.000000287,12;0.000000002,40;0.000033736,4;0.000484080,3;0.000026962,4;0.000037360,6;0.000000146,19;
recommendation: 0.000001916,5;0.000067972,6;
recommendations: 
recommended: 0.000000016,15;0.000000274,14;0.000007557,6;
reconcile: 
reconciliation: 0.000002856,14;
record-setting: 
recover: 
recovery: 0.000002369,8;0.000002010,8;0.000000017,32;0.001156481,16;
rectification: 
rectify: 
rectifying: 
redeem: 
redeeming: 
redemption: 0.000000062,24;0.000000249,23;0.000011776,14;0.000009879,6;
refine: 
refined: 0.000000966,12;
refinement: 
reform: 
reformed: 
reforming: 
reforms: 
refresh: 0.000001384,13;
refreshed: 0.000026260,5;0.000159467,2;
refreshing: 0.000086798,5;0.000000084,18;0.000006174,2;0.000000080,15;0.000000380,12;0.000003691,10;0.000036798,3;0.000004398,8;0.000007763,7;0.000001971,10;0.000186153,11;0.000000375,10;0.000000010,30;
refund: 
refunded: 
regal: 
regally: 
regard: 
rejoice: 
rejoicing: 
rejoicingly: 
rejuvenate: 
rejuvenated: 
rejuvenating: 
relaxed: 0.000000053,23;0.000000536,12;0.000001019,10;
relent: 
reliable: 0.000000001,23;0.000000223,18;0.000004887,19;
reliably: 
relief: 0.000113750,15;0.000000036,27;0.000000045,28;0.000000212,14;0.000060380,4;
relish: 
remarkable: 0.000001556,16;0.000000030,22;0.000000219,13;0.000007485,4;0.000000179,14;0.000001683,9;0.000000027,22;0.000000123,11;0.000000272,11;0.000003143,11;0.000000729,24;0.000002051,9;0.000000234,20;0.000012060,11;0.000000539,19;0.000299365,18;0.005639486,2;0.000000025,22;0.000000013,33;0.000002317,7;0.000019401,6;0.000017492,5;0.000001204,14;
remarkably: 0.000000332,19;0.000000013,20;0.000000030,17;0.000001438,9;0.000002242,10;0.000001817,8;0.000050349,5;0.000025876,5;0.000002462,10;0.000000046,25;0.000000108,19;
remedy: 
remission: 
remunerate: 
renaissance: 0.000000038,24;
renewed: 
renown: 
renowned: 0.000003707,9;
replaceable: 
reputable: 
reputation: 0.000000010,27;0.000000529,13;
resilient: 
resolute: 
resound: 
resounding: 
resourceful: 0.000004243,7;0.000003493,7;0.000000004,40;
resourcefulness: 
respect: 0.000000201,15;0.000002064,11;0.000000553,8;0.000000746,5;0.000000032,16;0.000054412,6;0.000000222,12;0.000035663,8;0.000112562,2;
respectable: 0.000000495,14;
respectful: 
respectfully: 
respite: 0.000000077,20;
resplendent: 
responsibly: 
responsive: 
restful: 
restored: 
restructure: 
restructured: 
restructuring: 
retractable: 
revel: 0.000000015,27;0.000000120,23;
revelation: 0.000004369,2;0.000000159,17;0.000072831,5;0.000001649,17;
revere: 
reverence: 
reverent: 0.000000094,10;0.000000059,23;
reverently: 
revitalize: 0.000446114,15;
revival: 
revive: 
revives: 0.000000015,22;
revolutionary: 0.000003811,10;
revolutionize: 
revolutionized: 
revolutionizes: 
reward: 0.000013735,10;
rewarding: 0.000002641,21;0.000004319,7;0.000000014,28;0.000007909,2;0.000000101,16;0.000191629,2;0.000180761,3;
rewardingly: 
rich: 0.000006280,17;0.000001172,20;0.000000496,18;0.000000030,20;0.000006940,4;0.000006940,8;0.000000126,18;0.000000724,9;0.000000004,29;0.000000156,10;0.000000572,19;0.000000721,17;0.000012643,13;0.000000208,21;0.000001694,18;0.000000240,22;0.000008013,13;0.000000012,20;0.000000146,19;0.000000001,24;0.000019540,5;0.000010042,8;0.000003039,20;0.000000574,23;
richer: 0.000001053,22;0.000094882,21;0.000026896,7;0.000027737,10;
richly: 0.000000971,12;0.000000217,14;0.000002730,2;0.000002169,8;0.000011084,5;0.000006462,5;
richness: 0.000110396,12;
right: 0.000012640,14;0.000000894,14;0.000008003,9;0.000000014,33;0.000000000,38;0.000000943,7;0.000000943,12;0.000000001,21;0.000000022,19;0.000000176,13;0.000000176,17;0.000000036,13;0.000000036,15;0.000000835,7;0.006899488,18;0.000002067,12;0.000012397,9;0.000000017,26;0.000003778,6;0.000000096,29;0.000033783,6;0.000000018,26;0.000000187,22;0.000000151,24;0.000000151,23;0.000028927,3;0.000000642,16;0.000000642,17;0.000007352,22;0.000085953,3;0.000000060,20;0.000000130,12;0.000000035,20;0.000000302,13;0.000000979,13;0.000011786,10;
righten: 
righteous: 
righteously: 
righteousness: 0.000000065,12;
rightful: 
rightfully: 
rightly: 0.000030581,21;
rightness: 
risk-free: 
robust: 0.000060737,5;0.000015744,14;
rock-star: 
rock-stars: 
rockstar: 
rockstars: 
romantic: 0.000000436,14;0.000005795,7;0.000005795,5;0.000000068,22;0.000000311,12;0.000001295,13;0.000004049,4;0.000005463,4;0.000000072,12;0.000000019,20;0.000001128,13;0.000000001,41;0.000000009,27;0.000003975,5;0.000000727,15;0.000010626,7;0.000002150,12;0.000862431,6;0.000001221,7;0.000000024,28;0.000007999,9;0.000000707,18;0.000003512,8;0.000001916,10;0.000000095,22;0.000023485,5;0.000000373,18;0.000012053,6;0.000012053,8;0.000000313,19;0.002817584,4;0.000000007,31;0.000007797,10;0.000000511,10;0.000000193,17;0.000000193,18;0.000000729,16;0.000000545,11;0.000007467,15;0.000000309,27;0.000007387,20;
romantically: 
romanticize: 
roomier: 
roomy: 
rosy: 
safe: 0.000002575,19;0.000000159,12;0.000000016,24;0.000000279,20;
safely: 0.000002941,8;
sagacity: 
sagely: 
saint: 
saintliness: 
saintly: 
salutary: 
salute: 0.000001840,12;
sane: 0.000000009,21;0.000000346,16;0.000000949,17;
satisfactorily: 
satisfactory: 0.000000165,11;0.000001177,19;
satisfied: 0.000002591,13;
satisfies: 0.000000225,10;0.000003621,2;0.000000334,17;0.000007049,13;
satisfy: 0.000000026,27;
satisfying: 0.000001448,7;0.000000128,15;0.000005207,2;0.000002192,11;0.000066929,3;0.000000786,18;0.000003593,10;0.000001571,17;0.000006941,14;0.000003543,14;0.000000935,13;0.000001440,14;0.000000295,20;0.000068991,6;0.000155947,4;0.000066086,4;0.000072690,2;0.000000214,20;0.000019953,7;0.000000986,18;
satisified: 
saver: 
savings: 
savior: 
savvy: 0.000001257,15;0.000000369,19;0.000002008,11;0.000000205,15;
scenic: 0.000000120,23;
seamless: 0.000007129,11;
seasoned: 
secure: 
securely: 
selective: 
self-determination: 0.000001060,8;
self-respect: 
self-satisfaction: 
self-sufficiency: 
self-sufficient: 
sensation: 0.000000051,20;
sensational: 0.000000031,19;0.000000031,20;0.000000031,17;0.000001040,17;
sensationally: 
sensations: 
sensible: 
sensibly: 
sensitive: 0.000006087,7;0.000000059,17;0.000002071,9;0.000000143,13;0.000000307,14;0.000000495,14;0.000000144,22;0.000000301,18;0.000000826,21;0.000000218,21;0.000000039,22;0.000001449,9;
serene: 0.000000267,16;
serenity: 0.000028337,5;0.000000055,18;
sexy: 0.000000026,25;0.000000358,10;0.000000358,9;0.000000011,28;0.000002357,6;0.000000047,12;0.000044817,6;0.000000310,18;0.000000310,19;0.000000072,29;0.000000105,12;0.000056559,10;0.000022186,11;
sharp: 0.000000267,25;0.000001423,24;0.000001901,14;0.000003244,8;0.000000075,19;0.000001217,11;0.000000001,32;0.000000233,12;0.000000018,20;0.000548436,1;0.000000054,36;0.000020423,4;0.000005366,23;0.000900078,4;0.000000267,19;0.000004604,10;
sharper: 
sharpest: 
shimmering: 0.000000040,21;
shimmeringly: 0.000000747,18;
shine: 0.000003928,15;
shiny: 
significant: 0.000000028,16;0.000000023,29;
silent: 0.000003378,17;
simpler: 
simplest: 
simplified: 
simplifies: 
simplify: 
simplifying: 
sincere: 0.000000143,17;0.000000089,15;0.000000162,23;0.000000919,14;0.000000033,17;
sincerely: 0.000000019,16;
sincerity: 0.000000050,24;0.000002560,3;0.000005737,5;0.000000611,13;
skill: 0.000000087,28;0.000000316,15;0.000002204,5;0.000000539,21;0.000001637,12;0.000000083,19;0.000009321,10;0.000098510,2;0.000000151,12;
skilled: 0.000000186,14;
skillful: 0.000000011,19;0.000001468,10;0.000002424,11;
skillfully: 0.000000162,21;0.000000872,14;0.000000647,20;
slammin: 
sleek: 
slick: 0.000004151,6;0.000000027,24;
smart: 0.000021069,9;0.000003284,12;0.000001191,9;0.000012600,3;0.000000532,8;0.000000082,15;0.000000038,23;0.000000146,9;0.000018064,2;0.000000146,16;0.000001993,15;0.000001993,9;0.000001443,15;0.000000527,23;0.000057440,2;0.000057440,4;0.001772015,1;0.000000551,14;0.000040553,10;0.000001908,21;0.000001145,7;0.000000018,30;0.000005503,9;0.000000213,21;0.000001175,21;0.000000277,20;0.000000068,28;0.000001560,11;0.000000178,16;0.000000103,22;
smarter: 0.000001467,17;0.000001838,9;0.000056041,4;0.000010163,11;0.000004093,7;0.000000030,24;0.000000427,12;0.000000296,18;0.000005961,6;
smartest: 0.000000025,35;
smartly: 0.000004723,5;0.000004723,6;0.000001502,14;0.004196365,1;0.000000195,18;0.000000029,27;0.000040297,27;
smile: 0.000000200,15;0.000000422,11;0.000000298,22;0.000001836,13;0.000020564,15;0.000000354,23;0.000020519,9;0.000128242,3;
smiles: 0.000008319,12;
smiling: 
smilingly: 
smitten: 0.000000022,19;
smooth: 0.000001588,15;
smoother: 0.000001985,9;
smoothes: 
smoothest: 
smoothly: 0.000001995,17;0.000001360,16;
snappy: 0.000000808,9;
snazzy: 
sociable: 
soft: 
softer: 
solace: 
solicitous: 
solicitously: 
solid: 0.000021693,7;0.000002065,19;0.000009799,8;0.000017026,7;0.000000360,21;0.000001179,10;0.000000991,10;0.000000301,15;0.000002636,7;0.000011488,2;0.000000077,13;0.000000446,8;0.000000027,21;0.000008242,7;0.000000950,20;0.000000542,20;0.000016216,6;0.000000359,21;0.000001036,13;0.000000298,35;0.000002255,14;0.000002138,16;0.000013318,9;0.000004435,11;0.000111450,16;0.000012712,6;0.000000009,32;0.000009949,7;0.018201852,4;0.000044490,5;0.000000752,11;0.000072215,5;
solidarity: 
soothe: 0.000000392,12;
soothingly: 
sophisticated: 0.000009310,30;0.000000036,26;0.000000587,15;0.000000123,17;0.000000032,19;0.000000013,31;0.000005396,9;0.000002426,10;0.000000703,14;0.000038991,5;
soulful: 0.000000374,18;0.000000650,8;0.000000041,16;0.000000475,10;0.000020958,7;0.000005125,15;
soundly: 
soundness: 
spacious: 
sparkle: 
sparkling: 0.000000347,17;0.000000129,14;0.000000006,28;0.000000041,24;0.000000008,24;0.000000043,24;
spectacular: 0.000000012,19;0.000008278,3;0.000000011,17;0.000000087,23;0.000003386,13;0.000000122,17;0.000001374,13;
spectacularly: 0.000000064,17;0.000047022,2;0.000000118,19;
speedily: 
speedy: 
spellbind: 
spellbinding: 0.000001552,5;0.000224381,2;
spellbindingly: 
spellbound: 
spirited: 0.000000024,22;0.000000096,22;0.000000347,18;0.000007376,17;0.000000726,20;
spiritual: 0.000000146,20;0.000000019,19;0.000000004,31;0.000040595,5;0.000000147,19;0.000000055,13;0.000000071,32;
splendid: 0.000000040,19;0.000000242,8;0.000007667,10;0.000000112,22;0.000000033,25;0.000000241,19;0.000000090,24;0.000000250,15;
splendidly: 0.000000043,11;0.000041150,5;
splendor: 0.000000786,20;0.000000227,20;
spontaneous: 0.000003127,7;0.000000812,18;
sporty: 
spotless: 
sprightly: 0.000000123,18;0.000001451,5;0.000002213,10;
stability: 
stabilize: 
stable: 
stainless: 
standout: 
state-of-the-art: 
stately: 0.000001381,11;0.000000009,34;
statuesque: 
staunch: 
staunchly: 
staunchness: 
steadfast: 0.002770532,8;
steadfastly: 0.000112231,2;
steadfastness: 
steadiest: 
steadiness: 
steady: 0.000001089,12;0.000000042,23;
stellar: 0.000000698,19;
stellarly: 
stimulate: 0.000000072,25;
stimulates: 
stimulating: 0.000005370,9;0.000083692,3;
stimulative: 
stirringly: 
straighten: 
straightforward: 0.000002355,12;0.000000008,28;0.000011263,5;0.000000042,21;0.000000001,39;
streamlined: 0.000000624,17;
striking: 0.000002145,16;0.000000005,32;0.000000339,18;0.000000191,6;0.000000178,34;0.000000013,33;0.000000142,17;0.000000003,26;0.000000001,37;
strikingly: 0.000006188,7;
striving: 
strong: 0.000083598,4;0.000012278,3;0.000000304,13;0.000000099,10;0.000002440,5;0.000000051,21;0.000000472,8;0.000000016,20;0.000000239,22;0.000000010,38;0.000000879,19;0.000007093,12;0.000001569,25;0.000037822,6;0.000006080,12;0.000001336,10;0.000000008,33;0.172655106,2;0.000000132,22;0.000000140,16;0.000016474,9;0.000000407,12;0.000007092,8;0.000000067,17;0.000045196,6;0.000000021,35;0.000000046,24;0.000000712,15;0.000046614,8;
stronger: 0.000005335,15;0.000011138,9;
strongest: 0.000000428,9;0.000000212,19;0.000043437,5;
stunned: 
stunning: 0.000000075,17;0.000003049,2;0.000000124,10;0.000001512,12;0.000086180,2;0.000003793,7;0.000000060,31;0.000000283,14;0.000007764,12;
stunningly: 0.000000972,10;
stupendous: 
stupendously: 
sturdier: 
sturdy: 
stylish: 0.000000333,7;0.000000247,18;0.000000659,17;0.000000015,37;0.000000847,16;0.000001311,11;0.000000026,19;0.000000720,15;0.000004454,10;
stylishly: 0.000000786,5;
stylized: 0.000000080,20;0.000000189,16;0.000000264,17;0.000002740,16;
suave: 
suavely: 
sublime: 0.000000047,23;0.000000206,11;0.000073803,3;
subsidize: 
subsidized: 
subsidizes: 
subsidizing: 
substantive: 0.000000013,26;
succeed: 0.000007346,4;0.000000458,9;0.000000000,38;
succeeded: 0.000000511,12;0.000000041,19;
succeeding: 
succeeds: 0.000349795,3;0.000000061,18;0.000000029,15;0.000001135,7;0.000000072,20;0.000003667,12;0.000000091,22;0.000234723,4;0.000048081,4;0.000007282,15;0.000000799,11;0.000000060,21;0.000000155,21;0.000000284,20;
succes: 
success: 0.000000018,17;0.000000152,10;0.000003835,8;0.000000229,14;0.000000229,12;0.000003062,12;0.000001192,16;0.000068807,4;0.000091475,4;0.000094916,7;
successes: 
successful: 0.000000002,32;0.000000073,33;0.000000098,19;0.000002496,19;0.000000478,14;0.000000019,29;0.000000438,12;0.000000177,12;0.000000025,21;0.000000006,22;0.000014861,12;0.000000698,19;0.000035012,12;
successfully: 0.000000066,10;0.000000218,17;0.000000470,14;
suffice: 
sufficed: 
suffices: 
sufficient: 
sufficiently: 0.000000003,28;
suitable: 0.000000261,17;0.000000009,32;0.000000000,36;
sumptuous: 0.000000153,15;0.000003887,5;0.000009908,10;
sumptuously: 
sumptuousness: 
super: 0.000000072,34;
superb: 0.000018779,3;0.000018779,2;0.000000708,11;0.000000301,11;0.000002090,9;0.000014063,3;0.000003900,9;0.000000884,22;
superbly: 0.000001298,8;0.000001079,10;0.000132075,2;0.000002390,18;
superior: 0.000000153,6;0.000012289,7;0.000002176,21;0.000056792,4;
superiority: 
supple: 0.000000073,24;
support: 
supported: 
supporter: 
supporting: 0.000000004,33;0.000000004,27;0.000000098,22;0.000051937,5;
supportive: 
supports: 
supremacy: 
supreme: 
supremely: 0.000000105,20;0.000000262,19;0.000003325,10;
supurb: 
supurbly: 
surmount: 
surpass: 
surreal: 0.000000106,12;0.000002254,7;0.000001373,9;0.000001547,14;0.000001028,12;
survival: 0.000072130,3;0.000000002,36;
survivor: 
sustainability: 
sustainable: 
swank: 0.000000836,16;
swankier: 
swankiest: 
swanky: 
sweeping: 0.000000714,10;0.000000029,28;0.000001095,9;0.000000133,10;
sweet: 0.000307942,6;0.000000781,18;0.000001232,14;0.000050140,2;0.000000331,18;0.000001855,6;0.000000272,11;0.000001681,6;0.000000081,12;0.000001013,9;0.000000015,25;0.000001250,4;0.000000004,40;0.000000438,13;0.000005404,9;0.000000293,26;0.000058206,6;0.000009783,7;0.000012828,10;0.000000367,15;0.000000069,26;0.000002187,11;0.000003784,18;0.000008579,9;0.000001319,11;0.000013612,5;0.000241907,4;0.000025637,9;0.000002808,13;0.000000094,15;0.000043392,3;0.002068758,10;0.000014891,13;0.000000184,25;
sweeten: 
sweetheart: 0.000000816,20;
sweetly: 0.000000120,24;0.000001829,6;0.000000132,12;0.000080056,3;0.000148078,3;0.000000549,14;0.000000283,16;
sweetness: 0.000001689,13;0.000000101,21;0.000001528,29;0.000009463,9;
swift: 0.000061044,7;
swiftness: 
talent: 0.000007445,8;0.000000062,18;0.000000807,6;0.000000025,18;0.000000186,9;0.000000032,33;0.000056066,7;0.000000259,18;0.000067776,4;0.000000029,31;0.000002290,14;
talented: 0.000000101,23;0.000000318,12;0.000000064,16;0.000000001,26;0.000002912,16;0.000018256,9;0.000000701,20;0.000000018,22;0.000029663,6;
talents: 0.000000328,18;0.000000254,14;0.000003439,7;
tantalize: 
tantalizing: 
tantalizingly: 
tempt: 
tempting: 0.000000968,14;0.000002470,17;0.000000364,27;
temptingly: 0.000004413,17;
tenacious: 0.000000202,14;
tenaciously: 
tenacity: 
tender: 0.000004321,9;0.000032024,8;0.000048756,6;0.000000609,14;0.000066483,3;0.000000160,17;0.000000076,20;
tenderly: 0.000086353,5;
terrific: 0.000112411,10;0.000030709,12;0.000192775,6;0.000003301,6;0.000000205,16;0.000000135,12;0.000000221,6;0.000000002,36;0.000011863,6;0.000001068,13;0.000001852,13;0.000003939,21;0.000003939,8;0.000000464,21;0.000001527,19;0.000020040,8;0.000000633,17;0.000012751,8;0.000001366,11;0.000000629,19;0.000001244,11;0.000001244,20;0.000000004,34;0.000082821,3;0.000005544,9;0.000000707,16;
terrifically: 0.000069278,3;
thank: 0.000007275,7;
thankful: 
thinner: 
thoughtful: 0.000001566,24;0.000000347,10;0.000000470,17;0.000006420,8;0.000007251,7;0.000002310,14;0.000002207,11;0.000001520,13;0.000000430,25;0.000003499,8;0.000003499,9;0.000048198,5;0.000000873,12;0.000015103,6;0.000000033,23;0.000000070,22;0.000002021,11;0.000000447,16;0.000000174,18;0.000005662,11;
thoughtfully: 0.000002966,14;
thoughtfulness: 0.000010984,4;0.000012793,10;
thrift: 
thrifty: 
thrill: 0.000004616,9;0.000010365,8;0.000000820,22;0.000004113,26;0.000007552,12;0.000002283,12;
thrilled: 
thrilling: 0.000000027,22;
thrillingly: 0.000003719,11;
thrills: 0.000001775,11;0.000002152,6;0.000002152,7;0.000000202,23;
thrive: 
thriving: 
thumb-up: 
thumbs-up: 
tickle: 
tidy: 
time-honored: 
timely: 0.000000359,28;0.000000553,18;0.000022589,2;0.000000034,20;0.000001305,9;0.000000095,15;0.000003370,10;0.000000555,17;0.000050716,5;
tingle: 
titillate: 
titillating: 
titillatingly: 
togetherness: 
tolerable: 
toll-free: 
top: 0.000000166,16;0.000001713,10;0.000000203,22;0.000000377,16;0.000001273,9;0.000025922,6;0.000009454,17;
top-notch: 0.000054218,2;0.000000326,19;0.000000014,18;0.000000006,31;0.000006123,9;0.000013504,10;
top-quality: 
topnotch: 
tops: 0.000000062,12;
tough: 0.000024984,6;0.000000025,15;0.000002488,5;0.000001520,18;0.000065249,5;0.000000147,19;
tougher: 
toughest: 0.000002942,10;
traction: 
tranquil: 0.000033761,8;
tranquility: 
transparent: 
treasure: 0.000357238,5;0.000007596,7;0.000000028,10;0.000000715,10;0.000001413,10;0.000004614,10;
tremendously: 0.000003444,7;
trendy: 
triumph: 0.000028995,2;0.000001364,5;0.000001860,8;0.000000229,17;0.000000423,13;0.000000034,16;0.000001394,7;0.000047362,6;0.000000205,15;
triumphal: 
triumphant: 0.000000030,9;
triumphantly: 0.000000326,14;
trivially: 
trophy: 
trouble-free: 
trump: 
trumpet: 0.000002821,6;
trust: 0.000025067,5;0.000007274,11;
trusted: 
trusting: 
trustingly: 
trustworthiness: 
trustworthy: 
trusty: 
truthful: 0.000000074,26;0.000015979,4;0.000000202,22;
truthfully: 
truthfulness: 
twinkly: 
ultra-crisp: 
unabashed: 0.000000289,16;0.000003895,23;
unabashedly: 0.000000030,17;0.000000002,37;0.000000523,15;0.000013008,10;
unaffected: 0.000000030,23;
unassailable: 
unbeatable: 
unbiased: 
unbound: 
uncomplicated: 
unconditional: 0.000009630,10;0.000003222,13;0.000000039,30;
undamaged: 
undaunted: 
understandable: 
undisputable: 
undisputably: 
undisputed: 0.000002027,8;0.000001470,8;
unencumbered: 
unequivocal: 
unequivocally: 
unfazed: 
unfettered: 
unforgettable: 0.000000117,16;0.000013126,6;0.000046219,6;
unity: 
unlimited: 0.000000364,17;
unmatched: 
unparalleled: 
unquestionable: 
unquestionably: 
unreal: 
unrestricted: 
unrivaled: 
unselfish: 
unwavering: 0.000021460,6;
upbeat: 0.000000049,13;0.000001553,8;
upgradable: 
upgradeable: 
upgraded: 
upheld: 
uphold: 
uplift: 
uplifting: 0.000047315,7;0.000000870,13;0.000181140,2;0.000023617,5;0.000189020,3;0.000001158,15;
upliftingly: 
upliftment: 
upscale: 0.000000206,22;
usable: 
useable: 
useful: 
user-friendly: 
user-replaceable: 
valiant: 0.000001691,18;0.000000314,26;
valiantly: 0.000000057,10;
valor: 
valuable: 0.000001499,9;0.000000159,25;0.000088593,4;
variety: 0.000000299,17;0.000000194,9;0.000001462,16;0.000110171,4;0.000000356,14;
venerate: 
verifiable: 
veritable: 
versatile: 0.000036968,9;
versatility: 
vibrant: 0.000004506,9;0.000000026,22;0.000000008,28;0.000001313,17;0.000000173,27;0.000002475,13;0.000007607,7;0.000041962,11;0.000001001,8;
vibrantly: 0.000000408,14;
victorious: 0.000032868,2;
victory: 
viewable: 
vigilance: 
vigilant: 
virtue: 0.000009252,5;
virtuous: 0.000000072,15;
virtuously: 
visionary: 0.000000039,13;
vivacious: 0.000004644,19;
vivid: 0.000000409,7;0.000000004,27;0.000001824,4;0.000000234,10;0.000000017,26;0.000006819,11;0.000000056,22;0.000000128,28;0.000003009,10;0.000000145,14;0.000037170,14;0.000000115,19;0.000000562,13;
vouch: 
vouchsafe: 
warm: 0.000000252,16;0.000000184,12;0.000009627,2;0.000000827,8;0.000000457,15;0.000001443,8;0.000000304,15;0.000046537,3;0.000004043,13;0.000000755,17;0.000000675,10;0.000003269,19;0.000000105,18;0.000000211,19;0.003057822,6;0.000001297,13;0.000001297,17;0.000057634,5;
warmer: 
warmhearted: 
warmly: 
warmth: 0.000000741,10;0.000006648,3;0.000006648,5;0.000006648,4;0.000000412,17;0.000003983,8;0.000000096,13;0.000000214,25;0.000000248,17;0.000000978,14;0.000002021,17;0.000115813,4;0.000000365,19;
wealthy: 
welcome: 0.000157749,12;0.000000269,29;0.000000041,25;0.000000094,25;0.000000116,19;0.000002616,20;0.000003680,9;0.000009823,10;0.000023303,11;0.000001401,10;0.000104121,7;0.000112829,4;0.000112829,3;
well: 0.000036285,13;0.000001273,13;0.000002994,12;0.000002994,16;0.000002732,13;0.000002732,8;0.000002732,9;0.000000008,36;0.000000375,14;0.000004362,14;0.000004362,9;0.000000437,14;0.000002619,9;0.000000026,15;0.000000036,18;0.000000009,23;0.000005706,4;0.000000600,7;0.000000600,11;0.000000096,14;0.000000236,8;0.000001942,3;0.000000029,22;0.000000012,14;0.000001596,5;0.000001596,6;0.000000007,23;0.000000154,14;0.000000015,22;0.000000014,25;0.000000279,13;0.000000516,13;0.000002533,9;0.000002533,14;0.000000100,22;0.000008734,9;0.000008734,16;0.000001829,12;0.000000111,26;0.000000045,26;0.000018172,7;0.000000244,32;0.000000664,23;0.000046011,10;0.000000037,29;0.000099320,2;0.000001196,12;0.000001145,21;0.000000445,17;0.000001020,16;0.000001020,15;0.000127162,2;0.000127162,2;0.000000333,18;0.000004500,15;0.000000012,26;0.000000018,23;0.000000337,13;0.000153284,3;0.000153284,4;0.000153284,2;0.000004287,11;0.000000250,10;0.002352325,9;0.000000437,17;0.000000212,25;0.000000041,21;0.000088652,7;0.000088652,19;0.000000356,15;0.000000356,22;0.000000001,14;0.000034739,5;0.000000203,16;0.000005118,11;0.000000125,31;
well-backlit: 
well-balanced: 0.000001193,14;
well-behaved: 0.000004105,15;
well-being: 
well-bred: 
well-connected: 
well-educated: 
well-established: 
well-informed: 
well-intentioned: 0.000000349,17;
well-known: 
well-made: 0.000000061,21;0.000132179,6;0.000024382,12;0.000060560,5;0.000015540,9;0.000000708,17;
well-managed: 
well-mannered: 
well-positioned: 
well-received: 
well-regarded: 
well-rounded: 0.000000320,15;
well-run: 
well-wishers: 
wellbeing: 
whoa: 
wholeheartedly: 
wholesome: 0.000001745,9;0.000000436,8;0.000027805,6;
whooa: 
whoooa: 
wieldy: 
willing: 0.000000015,38;0.000000574,21;0.000000792,13;0.000000011,34;0.000000175,15;0.000004230,13;0.000000417,22;
willingly: 0.000000009,33;
willingness: 0.000001778,18;0.000000042,21;
win: 0.000000295,19;0.000000228,15;0.000000001,33;0.000002014,13;0.000000797,16;0.000003137,10;0.000003137,11;0.000000025,20;
windfall: 
winnable: 
winner: 0.000000467,11;0.000002107,9;
winners: 0.000000007,32;
winning: 0.000121444,14;0.000000043,18;0.000002592,10;0.000000691,11;0.000000538,11;0.000000538,7;0.000000000,39;0.000001196,12;0.001494825,1;0.000027363,5;0.000040524,6;0.000000386,18;0.000002708,9;0.000000132,15;
wins: 0.000038551,8;
wisdom: 0.000000811,12;0.000002804,13;
wise: 0.000000010,24;0.000000013,22;0.000000006,19;0.000010359,6;0.000218772,3;0.000091359,3;0.000000005,34;0.000000015,31;
wisely: 0.000001641,7;0.000003157,15;
witty: 0.000227927,18;0.000006223,6;0.000024699,3;0.000000017,21;0.000000170,10;0.000000012,24;0.000000829,9;0.000001989,10;0.054953348,1;0.000000016,34;0.000028707,7;0.000006223,10;0.000027154,13;0.000027154,6;0.000008861,6;0.000001191,13;0.008317991,3;
won: 0.000012130,13;0.000006361,20;
wonder: 0.000017987,3;0.000000001,43;0.000000060,14;0.000006427,14;0.000000250,29;0.000000016,30;0.000000050,12;
wonderful: 0.000000863,15;0.000000481,14;0.000001003,15;0.000001284,8;0.000001014,6;0.000000009,32;0.000000204,8;0.000000472,8;0.000072778,2;0.000006683,11;0.000594138,5;0.000054895,3;0.000001332,24;0.000026000,7;0.000023312,3;0.000598126,1;0.000000466,20;0.000000178,29;0.000000592,16;0.000001669,10;0.140171871,1;0.000065447,5;0.000000136,17;0.000013599,10;0.000008778,9;
wonderfully: 0.000003089,8;0.000005296,6;0.000000019,24;0.000000002,18;0.000000104,10;0.000000192,19;0.000000192,18;0.000000683,9;0.000000901,15;0.000000012,30;0.000000001,24;
wonderous: 0.000001026,14;
wonderously: 
wonders: 0.000006764,14;0.000020342,5;0.000000097,17;0.000015084,7;0.000002309,10;
wondrous: 0.000000334,13;0.000007951,10;0.000000124,18;
woo: 0.000000372,7;0.000000312,22;
work: 0.000067410,24;0.000022749,21;0.000002928,19;0.000001679,17;0.000000286,32;0.000026818,4;0.000026818,4;0.000001752,12;0.000001995,13;0.000000401,18;0.000012077,5;0.000012077,5;0.000012392,5;0.000012392,2;0.000000041,26;0.000000041,26;0.000000055,27;0.000000004,28;0.000000241,15;0.000000241,16;0.000000009,18;0.000003540,4;0.000000000,39;0.000000119,12;0.000003026,2;0.000000234,18;0.000000234,12;0.000003662,3;0.000000034,15;0.000000403,5;0.000000013,22;0.000003066,8;0.000000109,17;0.000000046,18;0.000007977,10;0.000068444,3;0.000068444,7;0.000015512,7;0.000039272,3;0.000000375,16;0.000007483,12;0.000007483,13;0.000071339,3;0.000000265,27;0.000069840,11;0.000008201,11;0.000137570,4;0.000002971,12;0.000000024,20;0.000007219,8;0.000348189,8;0.000002048,8;0.000002048,13;0.000008391,8;0.000007731,8;0.000771997,6;0.000099138,9;0.000000344,20;0.000111319,2;0.000048869,3;0.000048869,14;0.000000301,14;0.000002097,20;0.005269416,7;0.000129471,2;0.000129471,2;0.000002145,9;0.000000002,41;0.000000049,11;0.000000223,14;0.000000260,21;0.000133464,7;0.000133464,8;0.000000059,18;0.000000015,33;0.000128960,3;0.000004998,8;0.000004998,10;0.000004998,11;0.000000248,23;0.000013789,9;0.000013789,10;0.000133642,2;0.000016356,8;0.001558480,10;0.000201688,2;0.000130185,4;0.000134856,2;0.000000600,16;0.000001330,16;0.000000075,29;0.000000170,24;0.000000275,23;0.000007514,16;0.000005840,10;0.000011752,11;
workable: 0.000000099,25;
worked: 0.000002889,8;0.000000004,29;
works: 0.000309714,4;0.000309714,9;0.000000845,18;0.000000026,23;0.000001912,7;0.000000010,27;0.000000008,26;0.000000012,25;0.000000083,17;0.000000184,15;0.000001947,8;0.000001935,10;0.000005153,2;0.000000131,8;0.000000053,16;0.000000134,16;0.000005789,8;0.000000698,10;0.000000927,18;0.000011715,11;0.000070993,3;0.000000874,18;0.000002203,16;0.000033287,16;0.000002453,11;0.000000977,10;0.000003213,12;0.000003213,9;0.000003213,18;0.000000009,32;0.000000089,34;0.000001032,15;0.004757547,6;0.000000051,22;0.000131144,2;0.000131144,3;0.000000590,10;0.000000490,13;0.000151538,5;0.000000047,20;0.000164864,2;0.000161512,2;0.000000406,13;0.000000566,15;0.000021863,5;0.000000121,19;0.000000190,25;0.001147010,12;0.000009642,9;0.000000303,20;
world-famous: 
worth: 0.005553259,2;0.000005886,5;0.000002786,6;0.000004436,7;0.000004512,4;0.000003580,4;0.000000295,7;0.000004359,5;0.000001339,5;0.000001339,6;0.000000271,11;0.000000720,14;0.000006013,8;0.000027472,7;0.000002764,7;0.000006225,10;0.000005774,10;0.006522920,1;0.000055726,7;0.000051719,5;0.000000576,41;0.000001839,13;0.000009677,6;0.000019014,5;0.000042572,8;0.000040853,5;0.000040853,7;0.000002516,12;0.000002516,9;0.000049236,7;0.000007591,6;0.000002469,20;0.000044204,6;0.000044204,4;0.000000004,37;0.000003926,13;0.000003926,7;0.000019534,8;0.000000167,22;0.000000068,26;0.000063393,5;0.000068778,3;0.000000018,25;0.000042531,6;0.000063970,7;0.000061618,10;
worth-while: 
worthiness: 
worthwhile: 0.000130595,5;0.000000010,16;0.000000298,24;0.000008977,7;0.000002360,6;0.000008327,8;0.000001013,27;0.000002203,9;0.000058648,6;0.000000913,15;0.000000013,19;
worthy: 0.000002534,11;0.000000226,20;0.000000226,25;0.000000368,25;0.000001515,17;0.000000414,16;0.000000319,18;0.000045617,7;0.000000129,17;0.000009190,15;0.000000109,20;0.000009137,13;
wow: 0.000000487,10;0.000000793,18;0.000000013,43;0.000008021,10;0.007866900,2;
wowed: 
wowing: 
wows: 
yay: 
youthful: 0.000000050,25;0.000000136,24;
zeal: 
zenith: 
zest: 
zippy: 0.000000014,23;